456250 21.095
456251 21.091
456252 21.087
456253 21.092
456254 21.091
456255 21.095
456256 21.087
456257 21.084
456258 21.088
456259 21.088
456260 21.089
456261 21.092
456262 21.088
456263 21.09
456264 21.093
456265 21.085
456266 21.092
456267 21.088
456268 21.098
456269 21.092
456270 21.087
456271 21.096
456272 21.092
456273 21.088
456274 21.094
456275 21.089
456276 21.091
456277 21.089
456278 21.094
456279 21.093
456280 21.094
456281 21.092
456282 21.091
456283 21.089
456284 21.092
456285 21.094
456286 21.094
456287 21.096
456288 21.096
456289 21.094
456290 21.09
456291 21.094
456292 21.09
456293 21.096
456294 21.094
456295 21.096
456296 21.096
456297 21.095
456298 21.101
456299 21.098
456300 21.102
456301 21.093
456302 21.088
456303 21.101
456304 21.101
456305 21.094
456306 21.104
456307 21.091
456308 21.096
456309 21.096
456310 21.097
456311 21.09
456312 21.089
456313 21.089
456314 21.094
456315 21.094
456316 21.092
456317 21.098
456318 21.096
456319 21.092
456320 21.096
456321 21.091
456322 21.1
456323 21.098
456324 21.091
456325 21.099
456326 21.097
456327 21.093
456328 21.095
456329 21.103
456330 21.097
456331 21.098
456332 21.091
456333 21.089
456334 21.096
456335 21.092
456336 21.097
456337 21.088
456338 21.096
456339 21.092
456340 21.101
456341 21.095
456342 21.096
456343 21.089
456344 21.084
456345 21.085
456346 21.09
456347 21.085
456348 21.082
456349 21.088
456350 21.078
456351 21.088
456352 21.083
456353 21.083
456354 21.077
456355 21.088
456356 21.089
456357 21.084
456358 21.083
456359 21.087
456360 21.087
456361 21.086
456362 21.073
456363 21.075
456364 21.068
456365 21.063
456366 21.063
456367 21.068
456368 21.047
456369 21.064
456370 21.016
456371 20.994
456372 20.962
456373 20.949
456374 20.916
456375 20.874
456376 20.844
456377 20.768
456378 20.746
456379 20.722
456380 20.679
456381 20.643
456382 20.601
456383 20.581
456384 20.513
456385 20.444
456386 20.329
456387 20.199
456388 20.158
456389 20.091
456390 20.136
456391 20.217
456392 20.274
456393 20.275
456394 20.339
456395 20.376
456396 20.401
456397 20.467
456398 20.531
456399 20.572
456400 20.633
456401 20.618
456402 20.705
456403 20.792
456404 20.828
456405 20.937
456406 21.018
456407 21.071
456408 21.11
456409 21.124
456410 21.178
456411 21.218
456412 21.291
456413 21.371
456414 21.35
456415 21.394
456416 21.427
456417 21.447
456418 21.459
456419 21.506
456420 21.553
456421 21.602
456422 21.609
456423 21.624
456424 21.633
456425 21.661
456426 21.675
456427 21.692
456428 21.685
456429 21.69
456430 21.688
456431 21.69
456432 21.685
456433 21.69
456434 21.689
456435 21.68
456436 21.684
456437 21.686
456438 21.689
456439 21.681
456440 21.681
456441 21.679
456442 21.682
456443 21.681
456444 21.685
456445 21.688
456446 21.687
456447 21.689
456448 21.689
456449 21.685
456450 21.686
456451 21.686
456452 21.689
456453 21.69
456454 21.68
456455 21.687
456456 21.687
456457 21.69
456458 21.686
456459 21.694
456460 21.685
456461 21.697
456462 21.694
456463 21.694
456464 21.686
456465 21.686
456466 21.697
456467 21.691
456468 21.693
456469 21.697
456470 21.701
456471 21.703
456472 21.697
456473 21.707
456474 21.719
456475 21.75
456476 21.778
456477 21.804
456478 21.855
456479 21.928
456480 21.975
456481 21.975
456482 22.036
456483 22.077
456484 22.162
456485 22.193
456486 22.246
456487 22.293
456488 22.363
456489 22.417
456490 22.442
456491 22.478
456492 22.56
456493 22.613
456494 22.701
456495 22.731
456496 22.788
456497 22.81
456498 22.877
456499 22.951
456500 23.014
456501 23.108
456502 23.12
456503 23.189
456504 23.254
456505 23.314
456506 23.409
456507 23.47
456508 23.544
456509 23.588
456510 23.665
456511 23.727
456512 23.799
456513 23.838
456514 23.847
456515 23.829
456516 23.898
456517 23.956
456518 24.043
456519 24.223
456520 24.343
456521 24.463
456522 24.517
456523 24.541
456524 24.559
456525 24.613
456526 24.655
456527 24.679
456528 24.732
456529 24.757
456530 24.786
456531 24.854
456532 24.878
456533 24.946
456534 24.981
456535 25.042
456536 25.094
456537 25.127
456538 25.189
456539 25.216
456540 25.259
456541 25.3
456542 25.348
456543 25.381
456544 25.431
456545 25.481
456546 25.501
456547 25.534
456548 25.578
456549 25.584
456550 25.603
456551 25.602
456552 25.59
456553 25.59
456554 25.59
456555 25.596
456556 25.594
456557 25.593
456558 25.599
456559 25.591
456560 25.59
456561 25.589
456562 25.592
456563 25.593
456564 25.588
456565 25.583
456566 25.592
456567 25.593
456568 25.591
456569 25.593
456570 25.594
456571 25.588
456572 25.594
456573 25.595
456574 25.597
456575 25.587
456576 25.597
456577 25.594
456578 25.589
456579 25.586
456580 25.591
456581 25.607
456582 25.628
456583 25.644
456584 25.67
456585 25.697
456586 25.74
456587 25.794
456588 25.881
456589 25.965
456590 26.038
456591 26.132
456592 26.231
456593 26.316
456594 26.425
456595 26.52
456596 26.609
456597 26.697
456598 26.809
456599 26.903
456600 27.036
456601 27.152
456602 27.233
456603 27.313
456604 27.409
456605 27.5
456606 27.603
456607 27.726
456608 27.786
456609 27.898
456610 27.971
456611 28.054
456612 28.161
456613 28.257
456614 28.32
456615 28.407
456616 28.489
456617 28.581
456618 28.645
456619 28.749
456620 28.831
456621 28.926
456622 29
456623 29.103
456624 29.206
456625 29.318
456626 29.415
456627 29.509
456628 29.587
456629 29.695
456630 29.805
456631 29.899
456632 29.993
456633 30.094
456634 30.2
456635 30.319
456636 30.376
456637 30.494
456638 30.575
456639 30.666
456640 30.777
456641 30.847
456642 30.927
456643 31.03
456644 31.154
456645 31.227
456646 31.251
456647 31.312
456648 31.38
456649 31.471
456650 31.566
456651 31.598
456652 31.684
456653 31.745
456654 31.856
456655 31.931
456656 31.983
456657 32.046
456658 32.083
456659 32.103
456660 32.165
456661 32.284
456662 32.378
456663 32.557
456664 32.79
456665 33.072
456666 33.374
456667 33.683
456668 34.007
456669 34.336
456670 34.624
456671 34.938
456672 35.16
456673 35.307
456674 35.327
456675 35.198
456676 35.016
456677 34.82
456678 34.616
456679 34.41
456680 34.192
456681 33.98
456682 33.79
456683 33.582
456684 33.376
456685 33.173
456686 32.953
456687 32.76
456688 32.558
456689 32.386
456690 32.192
456691 31.97
456692 31.728
456693 31.499
456694 31.299
456695 31.088
456696 30.81
456697 30.643
456698 30.381
456699 30.165
456700 29.972
456701 29.75
456702 29.519
456703 29.319
456704 29.165
456705 29.038
456706 28.927
456707 28.833
456708 28.737
456709 28.681
456710 28.64
456711 28.597
456712 28.58
456713 28.487
456714 28.405
456715 28.315
456716 28.266
456717 28.254
456718 28.168
456719 28.093
456720 27.997
456721 27.935
456722 27.863
456723 27.781
456724 27.681
456725 27.552
456726 27.379
456727 27.187
456728 26.984
456729 26.802
456730 26.583
456731 26.394
456732 26.211
456733 26.016
456734 25.801
456735 25.622
456736 25.481
456737 25.316
456738 25.152
456739 24.977
456740 24.809
456741 24.606
456742 24.43
456743 24.258
456744 24.066
456745 23.897
456746 23.723
456747 23.518
456748 23.302
456749 23.102
456750 22.881
456751 22.659
456752 22.427
456753 22.205
456754 21.969
456755 21.711
456756 21.414
456757 21.141
456758 20.869
456759 20.595
456760 20.321
456761 20.058
456762 19.748
456763 19.459
456764 19.141
456765 18.924
456766 18.873
456767 18.818
456768 18.783
456769 18.8
456770 18.833
456771 18.758
456772 18.772
456773 18.811
456774 18.825
456775 18.928
456776 19.021
456777 19.134
456778 19.238
456779 19.343
456780 19.443
456781 19.565
456782 19.635
456783 19.731
456784 19.854
456785 19.92
456786 20.019
456787 20.093
456788 20.179
456789 20.297
456790 20.416
456791 20.508
456792 20.559
456793 20.676
456794 20.761
456795 20.832
456796 20.923
456797 20.992
456798 21.055
456799 21.116
456800 21.199
456801 21.301
456802 21.382
456803 21.482
456804 21.6
456805 21.639
456806 21.616
456807 21.561
456808 21.49
456809 21.426
456810 21.386
456811 21.351
456812 21.327
456813 21.278
456814 21.247
456815 21.224
456816 21.159
456817 21.115
456818 21.083
456819 21.044
456820 20.997
456821 20.959
456822 20.915
456823 20.864
456824 20.826
456825 20.786
456826 20.722
456827 20.695
456828 20.651
456829 20.621
456830 20.531
456831 20.392
456832 20.27
456833 20.199
456834 20.132
456835 20.147
456836 20.194
456837 20.268
456838 20.302
456839 20.309
456840 20.398
456841 20.399
456842 20.465
456843 20.515
456844 20.602
456845 20.612
456846 20.743
456847 20.696
456848 20.712
456849 20.799
456850 20.827
456851 20.851
456852 20.849
456853 20.919
456854 20.954
456855 20.99
456856 21.058
456857 21.076
456858 21.127
456859 21.129
456860 21.224
456861 21.24
456862 21.34
456863 21.354
456864 21.449
456865 21.46
456866 21.458
456867 21.491
456868 21.531
456869 21.57
456870 21.671
456871 21.748
456872 21.899
456873 22.132
456874 22.402
456875 22.651
456876 22.85
456877 23.004
456878 23.16
456879 23.353
456880 23.532
456881 23.703
456882 23.899
456883 24.129
456884 24.295
456885 24.47
456886 24.693
456887 24.882
456888 25.069
456889 25.247
456890 25.47
456891 25.686
456892 25.854
456893 26.009
456894 26.25
456895 26.399
456896 26.598
456897 26.775
456898 26.918
456899 27.126
456900 27.315
456901 27.522
456902 27.72
456903 27.856
456904 28.039
456905 28.201
456906 28.395
456907 28.598
456908 28.776
456909 29.005
456910 29.213
456911 29.413
456912 29.613
456913 29.762
456914 29.804
456915 29.732
456916 29.579
456917 29.394
456918 29.184
456919 29.008
456920 28.806
456921 28.612
456922 28.407
456923 28.242
456924 28.054
456925 27.864
456926 27.67
456927 27.523
456928 27.371
456929 27.193
456930 27.055
456931 26.9
456932 26.783
456933 26.638
456934 26.574
456935 26.493
456936 26.442
456937 26.416
456938 26.399
456939 26.382
456940 26.377
456941 26.365
456942 26.353
456943 26.352
456944 26.334
456945 26.295
456946 26.254
456947 26.203
456948 26.196
456949 26.167
456950 26.152
456951 26.156
456952 26.215
456953 26.277
456954 26.355
456955 26.441
456956 26.497
456957 26.603
456958 26.694
456959 26.764
456960 26.896
456961 26.989
456962 27.053
456963 27.138
456964 27.244
456965 27.337
456966 27.46
456967 27.547
456968 27.661
456969 27.726
456970 27.806
456971 27.89
456972 27.981
456973 28.04
456974 28.077
456975 28.169
456976 28.217
456977 28.269
456978 28.319
456979 28.352
456980 28.387
456981 28.38
456982 28.386
456983 28.38
456984 28.385
456985 28.373
456986 28.383
456987 28.373
456988 28.368
456989 28.365
456990 28.363
456991 28.372
456992 28.37
456993 28.365
456994 28.375
456995 28.373
456996 28.362
456997 28.368
456998 28.372
456999 28.365
457000 28.374
457001 28.367
457002 28.372
457003 28.376
457004 28.404
457005 28.421
457006 28.47
457007 28.496
457008 28.535
457009 28.59
457010 28.625
457011 28.669
457012 28.661
457013 28.703
457014 28.717
457015 28.743
457016 28.793
457017 28.855
457018 28.913
457019 29.017
457020 29.112
457021 29.223
457022 29.396
457023 29.577
457024 29.759
457025 29.921
457026 30.126
457027 30.318
457028 30.486
457029 30.666
457030 30.848
457031 31.037
457032 31.226
457033 31.382
457034 31.566
457035 31.746
457036 31.847
457037 31.886
457038 31.945
457039 31.967
457040 31.862
457041 31.764
457042 31.683
457043 31.572
457044 31.462
457045 31.323
457046 31.161
457047 31.026
457048 30.856
457049 30.683
457050 30.493
457051 30.319
457052 30.142
457053 29.962
457054 29.769
457055 29.603
457056 29.432
457057 29.248
457058 29.083
457059 28.921
457060 28.767
457061 28.629
457062 28.47
457063 28.345
457064 28.176
457065 28.086
457066 28.024
457067 27.964
457068 27.879
457069 27.843
457070 27.791
457071 27.718
457072 27.677
457073 27.645
457074 27.539
457075 27.443
457076 27.343
457077 27.228
457078 27.148
457079 27.069
457080 26.93
457081 26.801
457082 26.703
457083 26.616
457084 26.506
457085 26.427
457086 26.305
457087 26.197
457088 26.125
457089 26.053
457090 25.958
457091 25.85
457092 25.755
457093 25.667
457094 25.568
457095 25.49
457096 25.404
457097 25.325
457098 25.267
457099 25.202
457100 25.134
457101 25.1
457102 25.065
457103 25.037
457104 25.016
457105 24.985
457106 24.992
457107 24.985
457108 24.981
457109 24.977
457110 24.981
457111 24.975
457112 24.976
457113 24.978
457114 24.979
457115 24.972
457116 24.976
457117 24.978
457118 24.981
457119 24.977
457120 24.979
457121 24.971
457122 24.979
457123 24.979
457124 24.976
457125 24.978
457126 24.974
457127 24.98
457128 24.984
457129 24.978
457130 24.979
457131 24.98
457132 24.966
457133 24.967
457134 24.971
457135 24.95
457136 24.945
457137 24.926
457138 24.908
457139 24.882
457140 24.84
457141 24.823
457142 24.804
457143 24.709
457144 24.645
457145 24.58
457146 24.55
457147 24.504
457148 24.475
457149 24.396
457150 24.347
457151 24.311
457152 24.232
457153 24.16
457154 24.083
457155 24.006
457156 23.918
457157 23.841
457158 23.774
457159 23.696
457160 23.635
457161 23.589
457162 23.509
457163 23.454
457164 23.36
457165 23.306
457166 23.244
457167 23.17
457168 23.144
457169 23.036
457170 23.008
457171 22.921
457172 22.825
457173 22.747
457174 22.705
457175 22.735
457176 22.809
457177 22.881
457178 22.928
457179 23.009
457180 23.015
457181 23.043
457182 23.127
457183 23.214
457184 23.269
457185 23.372
457186 23.799
457187 23.826
457188 24.015
457189 23.525
457190 23.62
457191 23.597
457192 23.654
457193 23.731
457194 23.744
457195 23.828
457196 23.858
457197 23.893
457198 23.982
457199 24.063
457200 24.178
457201 24.328
457202 24.427
457203 24.529
457204 24.541
457205 24.58
457206 24.562
457207 24.652
457208 24.671
457209 24.703
457210 24.765
457211 24.796
457212 24.828
457213 24.904
457214 24.947
457215 24.992
457216 25.053
457217 25.111
457218 25.157
457219 25.217
457220 25.257
457221 25.278
457222 25.31
457223 25.341
457224 25.382
457225 25.439
457226 25.468
457227 25.525
457228 25.559
457229 25.577
457230 25.604
457231 25.598
457232 25.606
457233 25.603
457234 25.598
457235 25.597
457236 25.598
457237 25.592
457238 25.586
457239 25.6
457240 25.618
457241 25.638
457242 25.645
457243 25.672
457244 25.685
457245 25.734
457246 25.773
457247 25.823
457248 25.879
457249 25.971
457250 26.046
457251 26.141
457252 26.212
457253 26.308
457254 26.392
457255 26.505
457256 26.576
457257 26.66
457258 26.739
457259 26.867
457260 26.974
457261 27.067
457262 27.17
457263 27.263
457264 27.351
457265 27.425
457266 27.505
457267 27.605
457268 27.699
457269 27.802
457270 27.875
457271 27.964
457272 28.049
457273 28.125
457274 28.207
457275 28.281
457276 28.365
457277 28.462
457278 28.492
457279 28.577
457280 28.639
457281 28.687
457282 28.718
457283 28.768
457284 28.802
457285 28.81
457286 28.818
457287 28.843
457288 28.885
457289 28.905
457290 28.964
457291 29.025
457292 29.065
457293 29.161
457294 29.197
457295 29.28
457296 29.361
457297 29.459
457298 29.552
457299 29.622
457300 29.724
457301 29.823
457302 29.903
457303 29.99
457304 30.082
457305 30.192
457306 30.317
457307 30.383
457308 30.467
457309 30.585
457310 30.695
457311 30.793
457312 30.87
457313 30.942
457314 31.022
457315 31.188
457316 31.279
457317 31.318
457318 31.355
457319 31.444
457320 31.517
457321 31.595
457322 31.627
457323 31.706
457324 31.792
457325 31.893
457326 32.015
457327 32.068
457328 32.131
457329 32.157
457330 32.186
457331 32.173
457332 32.199
457333 32.202
457334 32.214
457335 32.228
457336 32.265
457337 32.31
457338 32.332
457339 32.416
457340 32.501
457341 32.658
457342 32.851
457343 33.101
457344 33.37
457345 33.638
457346 33.936
457347 34.22
457348 34.472
457349 34.742
457350 35.011
457351 35.2
457352 35.323
457353 35.351
457354 35.353
457355 35.225
457356 35.068
457357 34.907
457358 34.72
457359 34.53
457360 34.365
457361 34.18
457362 33.964
457363 33.783
457364 33.611
457365 33.435
457366 33.25
457367 33.082
457368 32.936
457369 32.805
457370 32.717
457371 32.654
457372 32.619
457373 32.594
457374 32.579
457375 32.567
457376 32.554
457377 32.531
457378 32.514
457379 32.468
457380 32.43
457381 32.358
457382 32.283
457383 32.18
457384 32.037
457385 31.878
457386 31.727
457387 31.545
457388 31.389
457389 31.229
457390 31.018
457391 30.809
457392 30.613
457393 30.402
457394 30.165
457395 30.002
457396 29.813
457397 29.632
457398 29.433
457399 29.279
457400 29.14
457401 29.034
457402 28.934
457403 28.856
457404 28.802
457405 28.748
457406 28.699
457407 28.666
457408 28.635
457409 28.632
457410 28.608
457411 28.553
457412 28.5
457413 28.426
457414 28.363
457415 28.305
457416 28.244
457417 28.247
457418 28.167
457419 28.099
457420 28.034
457421 27.982
457422 27.913
457423 27.848
457424 27.77
457425 27.694
457426 27.597
457427 27.468
457428 27.317
457429 27.14
457430 26.989
457431 26.837
457432 26.651
457433 26.498
457434 26.372
457435 26.201
457436 26.055
457437 25.87
457438 25.69
457439 25.595
457440 25.485
457441 25.329
457442 25.205
457443 25.058
457444 24.896
457445 24.734
457446 24.561
457447 24.394
457448 24.246
457449 24.082
457450 23.895
457451 23.709
457452 23.502
457453 23.29
457454 23.084
457455 22.868
457456 22.641
457457 22.412
457458 22.165
457459 21.933
457460 21.656
457461 21.402
457462 21.148
457463 20.89
457464 20.664
457465 20.436
457466 20.207
457467 19.949
457468 19.719
457469 19.469
457470 19.252
457471 19.073
457472 18.938
457473 18.867
457474 18.859
457475 18.816
457476 18.757
457477 18.784
457478 18.801
457479 18.829
457480 18.751
457481 18.772
457482 18.768
457483 18.784
457484 18.809
457485 18.895
457486 18.975
457487 19.036
457488 19.116
457489 19.207
457490 19.274
457491 19.391
457492 19.488
457493 19.555
457494 19.639
457495 19.707
457496 19.817
457497 19.88
457498 19.952
457499 20.046
457500 20.104
457501 20.202
457502 20.329
457503 20.429
457504 20.498
457505 20.546
457506 20.652
457507 20.73
457508 20.792
457509 20.87
457510 20.953
457511 21.028
457512 21.07
457513 21.16
457514 21.233
457515 21.321
457516 21.449
457517 21.538
457518 21.599
457519 21.572
457520 21.506
457521 21.464
457522 21.44
457523 21.382
457524 21.354
457525 21.303
457526 21.262
457527 21.236
457528 21.192
457529 21.163
457530 21.121
457531 21.073
457532 21.045
457533 21.006
457534 20.955
457535 20.921
457536 20.887
457537 20.837
457538 20.802
457539 20.733
457540 20.689
457541 20.649
457542 20.63
457543 20.584
457544 20.541
457545 20.426
457546 20.291
457547 20.197
457548 20.103
457549 20.087
457550 20.167
457551 20.203
457552 20.229
457553 20.297
457554 20.412
457555 20.416
457556 20.454
457557 20.464
457558 20.52
457559 20.593
457560 20.613
457561 20.682
457562 20.771
457563 20.756
457564 20.777
457565 20.837
457566 20.934
457567 21.011
457568 21.063
457569 21.099
457570 21.112
457571 21.146
457572 21.202
457573 21.308
457574 21.31
457575 21.338
457576 21.397
457577 21.387
457578 21.442
457579 21.466
457580 21.524
457581 21.564
457582 21.585
457583 21.597
457584 21.615
457585 21.614
457586 21.639
457587 21.654
457588 21.66
457589 21.666
457590 21.675
457591 21.674
457592 21.672
457593 21.676
457594 21.67
457595 21.67
457596 21.678
457597 21.671
457598 21.668
457599 21.674
457600 21.67
457601 21.672
457602 21.671
457603 21.668
457604 21.669
457605 21.666
457606 21.665
457607 21.67
457608 21.673
457609 21.667
457610 21.664
457611 21.667
457612 21.668
457613 21.662
457614 21.67
457615 21.664
457616 21.663
457617 21.663
457618 21.656
457619 21.659
457620 21.659
457621 21.664
457622 21.661
457623 21.663
457624 21.667
457625 21.663
457626 21.661
457627 21.66
457628 21.655
457629 21.66
457630 21.654
457631 21.658
457632 21.653
457633 21.654
457634 21.653
457635 21.652
457636 21.648
457637 21.65
457638 21.653
457639 21.65
457640 21.646
457641 21.651
457642 21.657
457643 21.651
457644 21.684
457645 21.703
457646 21.723
457647 21.754
457648 21.795
457649 21.844
457650 21.913
457651 21.91
457652 21.931
457653 21.978
457654 22.035
457655 22.092
457656 22.144
457657 22.178
457658 22.242
457659 22.296
457660 22.358
457661 22.401
457662 22.432
457663 22.459
457664 22.518
457665 22.585
457666 22.642
457667 22.686
457668 22.726
457669 22.798
457670 22.816
457671 22.884
457672 22.942
457673 23.009
457674 23.098
457675 23.122
457676 23.199
457677 23.272
457678 23.324
457679 23.362
457680 23.438
457681 23.501
457682 23.556
457683 23.606
457684 23.649
457685 23.716
457686 23.739
457687 23.817
457688 23.859
457689 23.876
457690 23.85
457691 23.894
457692 23.951
457693 24.001
457694 24.102
457695 24.232
457696 24.329
457697 24.45
457698 24.54
457699 24.54
457700 24.536
457701 24.59
457702 24.632
457703 24.693
457704 24.71
457705 24.755
457706 24.783
457707 24.789
457708 24.829
457709 24.881
457710 24.919
457711 24.957
457712 24.993
457713 25.027
457714 25.065
457715 25.117
457716 25.17
457717 25.177
457718 25.202
457719 25.248
457720 25.271
457721 25.318
457722 25.322
457723 25.375
457724 25.353
457725 25.432
457726 25.436
457727 25.415
457728 25.475
457729 25.443
457730 25.448
457731 25.45
457732 25.443
457733 25.431
457734 25.459
457735 25.433
457736 25.391
457737 25.372
457738 25.309
457739 25.275
457740 25.227
457741 25.2
457742 25.174
457743 25.135
457744 25.125
457745 25.06
457746 24.978
457747 24.963
457748 24.977
457749 24.935
457750 24.912
457751 24.893
457752 24.877
457753 24.846
457754 24.835
457755 24.832
457756 24.841
457757 24.819
457758 24.812
457759 24.786
457760 24.774
457761 24.753
457762 24.773
457763 24.786
457764 24.814
457765 24.881
457766 25.027
457767 25.153
457768 25.212
457769 25.369
457770 25.526
457771 25.658
457772 25.835
457773 25.975
457774 26.167
457775 26.34
457776 26.503
457777 26.62
457778 26.726
457779 26.972
457780 27.08
457781 27.205
457782 27.304
457783 27.363
457784 27.402
457785 27.478
457786 27.501
457787 27.515
457788 27.545
457789 27.578
457790 27.603
457791 27.625
457792 27.649
457793 27.612
457794 27.586
457795 27.552
457796 27.536
457797 27.517
457798 27.5
457799 27.419
457800 27.372
457801 27.251
457802 27.067
457803 26.863
457804 26.678
457805 26.508
457806 26.315
457807 26.094
457808 25.866
457809 25.673
457810 25.482
457811 25.275
457812 25.044
457813 24.817
457814 24.611
457815 24.401
457816 24.191
457817 23.963
457818 23.729
457819 23.535
457820 23.333
457821 23.137
457822 22.899
457823 22.76
457824 22.635
457825 22.501
457826 22.433
457827 22.276
457828 22.211
457829 22.133
457830 22.079
457831 22.046
457832 22.006
457833 21.998
457834 21.987
457835 21.975
457836 21.93
457837 21.878
457838 21.784
457839 21.675
457840 21.594
457841 21.518
457842 21.436
457843 21.358
457844 21.31
457845 21.255
457846 21.205
457847 21.118
457848 21.044
457849 20.99
457850 20.933
457851 20.864
457852 20.788
457853 20.712
457854 20.647
457855 20.546
457856 20.463
457857 20.385
457858 20.308
457859 20.196
457860 20.117
457861 20.028
457862 19.967
457863 19.886
457864 19.812
457865 19.726
457866 19.609
457867 19.518
457868 19.482
457869 19.363
457870 19.277
457871 19.201
457872 19.122
457873 19.041
457874 18.975
457875 18.916
457876 18.84
457877 18.815
457878 18.791
457879 18.797
457880 18.773
457881 18.757
457882 18.753
457883 18.748
457884 18.762
457885 18.754
457886 18.745
457887 18.751
457888 18.742
457889 18.746
457890 18.741
457891 18.738
457892 18.747
457893 18.745
457894 18.739
457895 18.743
457896 18.74
457897 18.746
457898 18.737
457899 18.752
457900 18.742
457901 18.745
457902 18.753
457903 18.744
457904 18.74
457905 18.736
457906 18.752
457907 18.746
457908 18.751
457909 18.745
457910 18.749
457911 18.744
457912 18.75
457913 18.742
457914 18.744
457915 18.745
457916 18.745
457917 18.744
457918 18.745
457919 18.744
457920 18.748
457921 18.751
457922 18.752
457923 18.752
457924 18.743
457925 18.738
457926 18.751
457927 18.724
457928 18.748
457929 18.748
457930 18.779
457931 18.802
457932 18.825
457933 18.904
457934 18.967
457935 19.095
457936 19.245
457937 19.421
457938 19.609
457939 19.807
457940 20.015
457941 20.202
457942 20.436
457943 20.644
457944 20.858
457945 21.088
457946 21.324
457947 21.563
457948 21.814
457949 22.041
457950 22.291
457951 22.515
457952 22.763
457953 23.028
457954 23.274
457955 23.52
457956 23.765
457957 24.004
457958 24.209
457959 24.418
457960 24.668
457961 24.877
457962 25.048
457963 25.26
457964 25.406
457965 25.531
457966 25.657
457967 25.766
457968 25.814
457969 25.831
457970 25.887
457971 25.967
457972 25.997
457973 26.025
457974 26.091
457975 26.175
457976 26.156
457977 26.159
457978 26.186
457979 26.234
457980 26.27
457981 26.34
457982 26.411
457983 26.485
457984 26.507
457985 26.57
457986 26.629
457987 26.676
457988 26.716
457989 26.787
457990 26.859
457991 26.897
457992 26.932
457993 26.97
457994 27.042
457995 27.092
457996 27.15
457997 27.202
457998 27.258
457999 27.347
458000 27.384
458001 27.45
458002 27.543
458003 27.622
458004 27.73
458005 27.791
458006 27.83
458007 27.804
458008 27.803
458009 27.863
458010 27.897
458011 27.946
458012 27.985
458013 28.024
458014 28.058
458015 28.119
458016 28.157
458017 28.219
458018 28.248
458019 28.309
458020 28.317
458021 28.397
458022 28.429
458023 28.454
458024 28.445
458025 28.458
458026 28.496
458027 28.494
458028 28.493
458029 28.498
458030 28.51
458031 28.523
458032 28.563
458033 28.609
458034 28.707
458035 28.768
458036 28.84
458037 28.952
458038 29.06
458039 29.147
458040 29.253
458041 29.361
458042 29.432
458043 29.51
458044 29.555
458045 29.661
458046 29.743
458047 29.811
458048 29.884
458049 29.938
458050 30.05
458051 30.09
458052 30.187
458053 30.277
458054 30.363
458055 30.426
458056 30.548
458057 30.617
458058 30.713
458059 30.782
458060 30.842
458061 30.903
458062 30.961
458063 31.097
458064 31.182
458065 31.255
458066 31.265
458067 31.346
458068 31.392
458069 31.481
458070 31.564
458071 31.585
458072 31.656
458073 31.695
458074 31.806
458075 31.913
458076 31.972
458077 32.039
458078 32.085
458079 32.14
458080 32.204
458081 32.285
458082 32.39
458083 32.565
458084 32.782
458085 33.036
458086 33.31
458087 33.572
458088 33.853
458089 34.125
458090 34.401
458091 34.672
458092 34.943
458093 35.142
458094 35.278
458095 35.312
458096 35.274
458097 35.124
458098 34.957
458099 34.742
458100 34.557
458101 34.344
458102 34.172
458103 33.974
458104 33.756
458105 33.57
458106 33.364
458107 33.172
458108 32.941
458109 32.764
458110 32.55
458111 32.377
458112 32.201
458113 31.989
458114 31.753
458115 31.53
458116 31.349
458117 31.135
458118 30.913
458119 30.674
458120 30.492
458121 30.255
458122 30.062
458123 29.881
458124 29.684
458125 29.471
458126 29.299
458127 29.148
458128 29.027
458129 28.911
458130 28.813
458131 28.737
458132 28.689
458133 28.626
458134 28.572
458135 28.568
458136 28.465
458137 28.414
458138 28.319
458139 28.26
458140 28.236
458141 28.188
458142 28.087
458143 28.038
458144 27.946
458145 27.876
458146 27.828
458147 27.743
458148 27.634
458149 27.536
458150 27.379
458151 27.218
458152 27.06
458153 26.903
458154 26.739
458155 26.547
458156 26.419
458157 26.277
458158 26.081
458159 25.968
458160 25.764
458161 25.634
458162 25.508
458163 25.364
458164 25.223
458165 25.078
458166 24.922
458167 24.746
458168 24.567
458169 24.405
458170 24.271
458171 24.115
458172 23.971
458173 23.8
458174 23.643
458175 23.437
458176 23.221
458177 23.021
458178 22.822
458179 22.606
458180 22.383
458181 22.167
458182 21.93
458183 21.673
458184 21.423
458185 21.165
458186 20.912
458187 20.677
458188 20.403
458189 20.175
458190 19.9
458191 19.616
458192 19.33
458193 19.085
458194 18.87
458195 18.758
458196 18.783
458197 18.657
458198 18.684
458199 18.763
458200 18.861
458201 18.99
458202 19.11
458203 19.293
458204 19.462
458205 19.632
458206 19.856
458207 20.048
458208 20.247
458209 20.439
458210 20.666
458211 20.89
458212 21.111
458213 21.358
458214 21.568
458215 21.809
458216 22.02
458217 22.255
458218 22.488
458219 22.691
458220 22.909
458221 23.161
458222 23.384
458223 23.605
458224 23.809
458225 24.016
458226 24.227
458227 24.414
458228 24.62
458229 24.83
458230 24.979
458231 25.166
458232 25.322
458233 25.444
458234 25.594
458235 25.735
458236 25.813
458237 25.831
458238 25.878
458239 25.925
458240 25.966
458241 25.963
458242 25.976
458243 25.98
458244 25.976
458245 25.977
458246 25.974
458247 25.98
458248 25.971
458249 25.971
458250 25.966
458251 25.98
458252 25.977
458253 25.995
458254 26.014
458255 26.031
458256 26.068
458257 26.139
458258 26.165
458259 26.153
458260 26.154
458261 26.218
458262 26.26
458263 26.332
458264 26.392
458265 26.51
458266 26.525
458267 26.586
458268 26.633
458269 26.694
458270 26.762
458271 26.831
458272 26.923
458273 26.957
458274 27.023
458275 27.112
458276 27.15
458277 27.229
458278 27.304
458279 27.356
458280 27.421
458281 27.437
458282 27.488
458283 27.5
458284 27.506
458285 27.507
458286 27.494
458287 27.501
458288 27.51
458289 27.501
458290 27.502
458291 27.505
458292 27.501
458293 27.504
458294 27.497
458295 27.502
458296 27.503
458297 27.495
458298 27.506
458299 27.498
458300 27.506
458301 27.499
458302 27.51
458303 27.504
458304 27.498
458305 27.498
458306 27.504
458307 27.497
458308 27.499
458309 27.503
458310 27.493
458311 27.488
458312 27.5
458313 27.489
458314 27.499
458315 27.494
458316 27.514
458317 27.522
458318 27.562
458319 27.595
458320 27.631
458321 27.707
458322 27.776
458323 27.803
458324 27.824
458325 27.802
458326 27.836
458327 27.849
458328 27.929
458329 27.972
458330 27.99
458331 28.046
458332 28.07
458333 28.141
458334 28.157
458335 28.222
458336 28.253
458337 28.278
458338 28.345
458339 28.389
458340 28.446
458341 28.479
458342 28.512
458343 28.546
458344 28.582
458345 28.594
458346 28.591
458347 28.595
458348 28.619
458349 28.644
458350 28.674
458351 28.71
458352 28.74
458353 28.761
458354 28.802
458355 28.814
458356 28.843
458357 28.831
458358 28.825
458359 28.83
458360 28.826
458361 28.82
458362 28.816
458363 28.816
458364 28.821
458365 28.819
458366 28.821
458367 28.823
458368 28.826
458369 28.821
458370 28.802
458371 28.823
458372 28.818
458373 28.825
458374 28.818
458375 28.829
458376 28.85
458377 28.868
458378 28.883
458379 28.893
458380 28.925
458381 28.958
458382 28.958
458383 28.956
458384 28.933
458385 28.896
458386 28.814
458387 28.792
458388 28.697
458389 28.671
458390 28.592
458391 28.533
458392 28.421
458393 28.382
458394 28.3
458395 28.199
458396 28.115
458397 28.045
458398 27.942
458399 27.872
458400 27.795
458401 27.695
458402 27.606
458403 27.51
458404 27.428
458405 27.33
458406 27.268
458407 27.194
458408 27.105
458409 27.021
458410 26.915
458411 26.852
458412 26.709
458413 26.647
458414 26.583
458415 26.515
458416 26.426
458417 26.335
458418 26.264
458419 26.209
458420 26.107
458421 26.06
458422 25.998
458423 25.935
458424 25.893
458425 25.826
458426 25.781
458427 25.702
458428 25.688
458429 25.67
458430 25.609
458431 25.578
458432 25.533
458433 25.515
458434 25.476
458435 25.444
458436 25.438
458437 25.373
458438 25.321
458439 25.266
458440 25.241
458441 25.202
458442 25.148
458443 25.11
458444 25.051
458445 25.026
458446 24.982
458447 24.954
458448 24.916
458449 24.889
458450 24.876
458451 24.844
458452 24.846
458453 24.839
458454 24.841
458455 24.833
458456 24.841
458457 24.839
458458 24.84
458459 24.833
458460 24.832
458461 24.833
458462 24.834
458463 24.838
458464 24.83
458465 24.831
458466 24.842
458467 24.834
458468 24.833
458469 24.833
458470 24.831
458471 24.842
458472 24.832
458473 24.839
458474 24.831
458475 24.834
458476 24.831
458477 24.835
458478 24.827
458479 24.832
458480 24.809
458481 24.79
458482 24.781
458483 24.768
458484 24.793
458485 24.816
458486 24.837
458487 24.94
458488 25.063
458489 25.152
458490 25.255
458491 25.398
458492 25.55
458493 25.692
458494 25.857
458495 26.013
458496 26.183
458497 26.328
458498 26.519
458499 26.685
458500 26.857
458501 27.015
458502 27.161
458503 27.315
458504 27.372
458505 27.403
458506 27.502
458507 27.51
458508 27.531
458509 27.531
458510 27.575
458511 27.576
458512 27.61
458513 27.624
458514 27.651
458515 27.605
458516 27.558
458517 27.551
458518 27.527
458519 27.49
458520 27.507
458521 27.394
458522 27.364
458523 27.247
458524 27.077
458525 26.882
458526 26.693
458527 26.485
458528 26.288
458529 26.065
458530 25.845
458531 25.622
458532 25.391
458533 25.155
458534 24.919
458535 24.673
458536 24.463
458537 24.212
458538 23.989
458539 23.755
458540 23.541
458541 23.32
458542 23.1
458543 22.901
458544 22.695
458545 22.497
458546 22.362
458547 22.216
458548 22.067
458549 21.904
458550 21.756
458551 21.623
458552 21.565
458553 21.473
458554 21.455
458555 21.433
458556 21.407
458557 21.377
458558 21.354
458559 21.328
458560 21.293
458561 21.253
458562 21.225
458563 21.197
458564 21.157
458565 21.09
458566 21.066
458567 21.029
458568 21
458569 20.975
458570 20.937
458571 20.906
458572 20.834
458573 20.801
458574 20.751
458575 20.715
458576 20.676
458577 20.648
458578 20.61
458579 20.549
458580 20.429
458581 20.301
458582 20.197
458583 20.125
458584 20.11
458585 20.17
458586 20.229
458587 20.323
458588 20.291
458589 20.387
458590 20.409
458591 20.466
458592 20.454
458593 20.512
458594 20.548
458595 20.552
458596 20.695
458597 20.644
458598 20.702
458599 20.758
458600 20.836
458601 20.858
458602 20.95
458603 20.89
458604 20.959
458605 20.913
458606 20.996
458607 21.119
458608 21.108
458609 21.081
458610 21.111
458611 21.175
458612 21.239
458613 21.315
458614 21.374
458615 21.38
458616 21.485
458617 21.497
458618 21.503
458619 21.591
458620 21.667
458621 21.792
458622 21.925
458623 22.203
458624 22.441
458625 22.683
458626 22.886
458627 22.999
458628 23.164
458629 23.35
458630 23.539
458631 23.725
458632 23.892
458633 24.093
458634 24.263
458635 24.443
458636 24.625
458637 24.824
458638 25.025
458639 25.207
458640 25.41
458641 25.622
458642 25.811
458643 26.009
458644 26.183
458645 26.347
458646 26.464
458647 26.677
458648 26.788
458649 26.924
458650 27.059
458651 27.133
458652 27.23
458653 27.26
458654 27.293
458655 27.311
458656 27.31
458657 27.287
458658 27.307
458659 27.306
458660 27.308
458661 27.313
458662 27.307
458663 27.302
458664 27.304
458665 27.305
458666 27.303
458667 27.307
458668 27.303
458669 27.304
458670 27.307
458671 27.308
458672 27.303
458673 27.305
458674 27.332
458675 27.372
458676 27.427
458677 27.503
458678 27.619
458679 27.728
458680 27.829
458681 27.91
458682 28.059
458683 28.214
458684 28.343
458685 28.539
458686 28.685
458687 28.844
458688 29.029
458689 29.227
458690 29.39
458691 29.594
458692 29.73
458693 29.808
458694 29.815
458695 29.757
458696 29.605
458697 29.437
458698 29.3
458699 29.093
458700 28.942
458701 28.767
458702 28.601
458703 28.418
458704 28.287
458705 28.095
458706 27.946
458707 27.752
458708 27.603
458709 27.447
458710 27.29
458711 27.141
458712 26.987
458713 26.866
458714 26.769
458715 26.635
458716 26.575
458717 26.511
458718 26.468
458719 26.423
458720 26.387
458721 26.378
458722 26.371
458723 26.363
458724 26.356
458725 26.355
458726 26.362
458727 26.356
458728 26.358
458729 26.358
458730 26.357
458731 26.357
458732 26.355
458733 26.356
458734 26.362
458735 26.358
458736 26.357
458737 26.361
458738 26.364
458739 26.355
458740 26.371
458741 26.365
458742 26.361
458743 26.357
458744 26.364
458745 26.36
458746 26.357
458747 26.361
458748 26.362
458749 26.371
458750 26.365
458751 26.359
458752 26.36
458753 26.361
458754 26.367
458755 26.361
458756 26.355
458757 26.367
458758 26.363
458759 26.361
458760 26.347
458761 26.355
458762 26.328
458763 26.312
458764 26.277
458765 26.235
458766 26.223
458767 26.2
458768 26.16
458769 26.186
458770 26.2
458771 26.241
458772 26.311
458773 26.402
458774 26.495
458775 26.584
458776 26.673
458777 26.789
458778 26.876
458779 26.98
458780 27.076
458781 27.146
458782 27.23
458783 27.323
458784 27.428
458785 27.519
458786 27.62
458787 27.71
458788 27.781
458789 27.88
458790 27.938
458791 28.025
458792 28.076
458793 28.184
458794 28.268
458795 28.342
458796 28.415
458797 28.472
458798 28.539
458799 28.59
458800 28.627
458801 28.675
458802 28.698
458803 28.708
458804 28.714
458805 28.729
458806 28.782
458807 28.834
458808 28.891
458809 28.97
458810 29.052
458811 29.139
458812 29.243
458813 29.377
458814 29.541
458815 29.713
458816 29.856
458817 30.02
458818 30.184
458819 30.34
458820 30.502
458821 30.728
458822 30.891
458823 31.112
458824 31.278
458825 31.457
458826 31.587
458827 31.76
458828 31.839
458829 31.86
458830 31.87
458831 31.912
458832 31.873
458833 31.825
458834 31.739
458835 31.611
458836 31.496
458837 31.377
458838 31.213
458839 31.063
458840 30.919
458841 30.745
458842 30.562
458843 30.395
458844 30.225
458845 30.039
458846 29.85
458847 29.698
458848 29.518
458849 29.322
458850 29.171
458851 29.011
458852 28.833
458853 28.709
458854 28.564
458855 28.403
458856 28.261
458857 28.159
458858 28.05
458859 28
458860 27.942
458861 27.876
458862 27.839
458863 27.783
458864 27.766
458865 27.675
458866 27.67
458867 27.574
458868 27.483
458869 27.422
458870 27.308
458871 27.22
458872 27.108
458873 27.009
458874 26.904
458875 26.787
458876 26.71
458877 26.64
458878 26.532
458879 26.481
458880 26.317
458881 26.271
458882 26.17
458883 26.1
458884 26.042
458885 25.962
458886 25.859
458887 25.777
458888 25.696
458889 25.627
458890 25.544
458891 25.479
458892 25.388
458893 25.301
458894 25.229
458895 25.181
458896 25.101
458897 25.082
458898 25.021
458899 25.004
458900 24.998
458901 24.972
458902 24.969
458903 24.964
458904 24.965
458905 24.968
458906 24.955
458907 24.966
458908 24.97
458909 24.962
458910 24.964
458911 24.965
458912 24.968
458913 24.968
458914 24.984
458915 24.971
458916 24.956
458917 24.962
458918 24.965
458919 24.95
458920 24.93
458921 24.91
458922 24.904
458923 24.855
458924 24.829
458925 24.837
458926 24.787
458927 24.706
458928 24.635
458929 24.572
458930 24.546
458931 24.515
458932 24.485
458933 24.418
458934 24.37
458935 24.305
458936 24.264
458937 24.218
458938 24.126
458939 24.063
458940 23.988
458941 23.903
458942 23.84
458943 23.787
458944 23.71
458945 23.636
458946 23.59
458947 23.54
458948 23.491
458949 23.412
458950 23.355
458951 23.29
458952 23.246
458953 23.181
458954 23.156
458955 23.068
458956 23.035
458957 22.937
458958 22.83
458959 22.792
458960 22.741
458961 22.728
458962 22.718
458963 22.806
458964 22.912
458965 22.953
458966 22.994
458967 23.03
458968 23.131
458969 23.213
458970 23.23
458971 23.304
458972 23.358
458973 23.432
458974 23.455
458975 23.526
458976 23.579
458977 23.626
458978 23.672
458979 23.753
458980 23.791
458981 23.844
458982 23.864
458983 23.873
458984 23.869
458985 23.939
458986 24.029
458987 24.095
458988 24.205
458989 24.327
458990 24.448
458991 24.519
458992 24.552
458993 24.58
458994 24.621
458995 24.66
458996 24.695
458997 24.726
458998 24.766
458999 24.796
459000 24.835
459001 24.906
459002 24.949
459003 24.992
459004 25.015
459005 25.086
459006 25.142
459007 25.174
459008 25.211
459009 25.267
459010 25.29
459011 25.313
459012 25.368
459013 25.415
459014 25.45
459015 25.501
459016 25.52
459017 25.572
459018 25.593
459019 25.6
459020 25.623
459021 25.624
459022 25.636
459023 25.627
459024 25.62
459025 25.611
459026 25.63
459027 25.623
459028 25.627
459029 25.625
459030 25.627
459031 25.634
459032 25.631
459033 25.626
459034 25.633
459035 25.631
459036 25.622
459037 25.634
459038 25.625
459039 25.638
459040 25.645
459041 25.665
459042 25.677
459043 25.695
459044 25.737
459045 25.773
459046 25.821
459047 25.906
459048 25.97
459049 26.03
459050 26.126
459051 26.197
459052 26.307
459053 26.382
459054 26.493
459055 26.557
459056 26.644
459057 26.731
459058 26.818
459059 26.92
459060 27.039
459061 27.16
459062 27.214
459063 27.325
459064 27.386
459065 27.47
459066 27.551
459067 27.629
459068 27.712
459069 27.793
459070 27.878
459071 27.959
459072 28.04
459073 28.102
459074 28.222
459075 28.29
459076 28.338
459077 28.426
459078 28.465
459079 28.546
459080 28.633
459081 28.66
459082 28.677
459083 28.7
459084 28.74
459085 28.741
459086 28.756
459087 28.768
459088 28.762
459089 28.773
459090 28.76
459091 28.776
459092 28.766
459093 28.771
459094 28.774
459095 28.776
459096 28.776
459097 28.766
459098 28.771
459099 28.776
459100 28.756
459101 28.768
459102 28.767
459103 28.77
459104 28.788
459105 28.771
459106 28.764
459107 28.776
459108 28.787
459109 28.798
459110 28.856
459111 28.893
459112 28.954
459113 28.996
459114 29.06
459115 29.123
459116 29.167
459117 29.259
459118 29.344
459119 29.439
459120 29.499
459121 29.581
459122 29.689
459123 29.799
459124 29.883
459125 29.975
459126 30.105
459127 30.152
459128 30.268
459129 30.391
459130 30.423
459131 30.54
459132 30.62
459133 30.683
459134 30.8
459135 30.86
459136 30.947
459137 31.032
459138 31.158
459139 31.267
459140 31.295
459141 31.319
459142 31.384
459143 31.432
459144 31.535
459145 31.601
459146 31.638
459147 31.693
459148 31.789
459149 31.884
459150 31.983
459151 32.044
459152 32.119
459153 32.162
459154 32.188
459155 32.272
459156 32.321
459157 32.425
459158 32.593
459159 32.829
459160 33.074
459161 33.353
459162 33.628
459163 33.896
459164 34.173
459165 34.434
459166 34.702
459167 34.968
459168 35.168
459169 35.289
459170 35.359
459171 35.35
459172 35.237
459173 35.076
459174 34.909
459175 34.726
459176 34.505
459177 34.294
459178 34.096
459179 33.907
459180 33.722
459181 33.56
459182 33.382
459183 33.213
459184 33.076
459185 32.958
459186 32.867
459187 32.782
459188 32.668
459189 32.607
459190 32.569
459191 32.55
459192 32.532
459193 32.528
459194 32.533
459195 32.531
459196 32.515
459197 32.51
459198 32.492
459199 32.45
459200 32.399
459201 32.329
459202 32.246
459203 32.151
459204 32.002
459205 31.864
459206 31.726
459207 31.559
459208 31.407
459209 31.251
459210 31.074
459211 30.878
459212 30.694
459213 30.506
459214 30.297
459215 30.121
459216 29.943
459217 29.766
459218 29.571
459219 29.377
459220 29.184
459221 29.089
459222 28.975
459223 28.892
459224 28.835
459225 28.785
459226 28.723
459227 28.701
459228 28.697
459229 28.675
459230 28.655
459231 28.646
459232 28.654
459233 28.655
459234 28.657
459235 28.654
459236 28.657
459237 28.652
459238 28.652
459239 28.655
459240 28.646
459241 28.647
459242 28.643
459243 28.626
459244 28.608
459245 28.602
459246 28.614
459247 28.604
459248 28.587
459249 28.532
459250 28.485
459251 28.443
459252 28.376
459253 28.328
459254 28.301
459255 28.288
459256 28.221
459257 28.144
459258 28.104
459259 28.024
459260 27.969
459261 27.912
459262 27.846
459263 27.767
459264 27.659
459265 27.54
459266 27.373
459267 27.179
459268 26.992
459269 26.806
459270 26.606
459271 26.44
459272 26.271
459273 26.082
459274 25.883
459275 25.676
459276 25.542
459277 25.385
459278 25.226
459279 25.1
459280 24.915
459281 24.748
459282 24.59
459283 24.438
459284 24.28
459285 24.11
459286 23.964
459287 23.768
459288 23.59
459289 23.359
459290 23.143
459291 22.907
459292 22.678
459293 22.417
459294 22.173
459295 21.918
459296 21.639
459297 21.374
459298 21.087
459299 20.808
459300 20.551
459301 20.254
459302 19.974
459303 19.686
459304 19.394
459305 19.144
459306 18.922
459307 18.788
459308 18.794
459309 18.739
459310 18.723
459311 18.797
459312 18.971
459313 19.123
459314 19.316
459315 19.488
459316 19.693
459317 19.906
459318 20.153
459319 20.352
459320 20.59
459321 20.823
459322 21.065
459323 21.301
459324 21.568
459325 21.828
459326 22.071
459327 22.366
459328 22.599
459329 22.87
459330 23.147
459331 23.399
459332 23.692
459333 23.948
459334 24.192
459335 24.411
459336 24.677
459337 24.928
459338 25.132
459339 25.333
459340 25.489
459341 25.628
459342 25.742
459343 25.828
459344 25.854
459345 25.889
459346 25.957
459347 26.027
459348 26.043
459349 26.025
459350 26.02
459351 26.02
459352 26.017
459353 26.005
459354 26.011
459355 26.014
459356 26.019
459357 26.009
459358 26
459359 26.001
459360 26.001
459361 26.006
459362 26.001
459363 25.994
459364 26.007
459365 26.001
459366 26.011
459367 26.016
459368 26.003
459369 26
459370 26.004
459371 25.998
459372 25.999
459373 26.03
459374 26.046
459375 26.101
459376 26.184
459377 26.173
459378 26.179
459379 26.215
459380 26.255
459381 26.333
459382 26.407
459383 26.511
459384 26.531
459385 26.618
459386 26.682
459387 26.723
459388 26.822
459389 26.901
459390 26.96
459391 27.003
459392 27.103
459393 27.166
459394 27.23
459395 27.291
459396 27.358
459397 27.404
459398 27.423
459399 27.445
459400 27.479
459401 27.509
459402 27.508
459403 27.538
459404 27.578
459405 27.625
459406 27.688
459407 27.761
459408 27.833
459409 27.83
459410 27.839
459411 27.832
459412 27.862
459413 27.918
459414 27.973
459415 27.994
459416 28.036
459417 28.09
459418 28.165
459419 28.203
459420 28.266
459421 28.329
459422 28.381
459423 28.452
459424 28.47
459425 28.529
459426 28.554
459427 28.594
459428 28.593
459429 28.581
459430 28.596
459431 28.632
459432 28.664
459433 28.739
459434 28.815
459435 28.881
459436 28.929
459437 28.951
459438 28.946
459439 28.911
459440 28.874
459441 28.838
459442 28.746
459443 28.697
459444 28.653
459445 28.563
459446 28.476
459447 28.382
459448 28.338
459449 28.206
459450 28.105
459451 28.024
459452 27.917
459453 27.815
459454 27.692
459455 27.596
459456 27.5
459457 27.399
459458 27.312
459459 27.236
459460 27.115
459461 27
459462 26.889
459463 26.766
459464 26.679
459465 26.583
459466 26.484
459467 26.43
459468 26.347
459469 26.254
459470 26.178
459471 26.105
459472 26.06
459473 26.008
459474 25.985
459475 25.952
459476 25.935
459477 25.928
459478 25.912
459479 25.909
459480 25.901
459481 25.897
459482 25.894
459483 25.892
459484 25.893
459485 25.884
459486 25.898
459487 25.892
459488 25.89
459489 25.907
459490 25.9
459491 25.894
459492 25.903
459493 25.904
459494 25.889
459495 25.902
459496 25.895
459497 25.901
459498 25.901
459499 25.888
459500 25.902
459501 25.897
459502 25.904
459503 25.911
459504 25.891
459505 25.869
459506 25.851
459507 25.814
459508 25.781
459509 25.744
459510 25.722
459511 25.687
459512 25.65
459513 25.611
459514 25.57
459515 25.536
459516 25.506
459517 25.471
459518 25.46
459519 25.389
459520 25.341
459521 25.295
459522 25.257
459523 25.217
459524 25.175
459525 25.143
459526 25.082
459527 25.049
459528 24.995
459529 24.978
459530 24.934
459531 24.885
459532 24.841
459533 24.826
459534 24.852
459535 24.924
459536 25.088
459537 25.238
459538 25.384
459539 25.584
459540 25.761
459541 25.939
459542 26.148
459543 26.33
459544 26.538
459545 26.74
459546 26.911
459547 27.101
459548 27.244
459549 27.372
459550 27.421
459551 27.436
459552 27.524
459553 27.533
459554 27.547
459555 27.562
459556 27.576
459557 27.593
459558 27.617
459559 27.604
459560 27.606
459561 27.6
459562 27.616
459563 27.595
459564 27.601
459565 27.599
459566 27.599
459567 27.603
459568 27.599
459569 27.597
459570 27.61
459571 27.612
459572 27.613
459573 27.627
459574 27.661
459575 27.684
459576 27.693
459577 27.668
459578 27.652
459579 27.645
459580 27.605
459581 27.611
459582 27.569
459583 27.551
459584 27.456
459585 27.433
459586 27.291
459587 27.091
459588 26.886
459589 26.677
459590 26.461
459591 26.246
459592 26.017
459593 25.796
459594 25.578
459595 25.324
459596 25.081
459597 24.835
459598 24.59
459599 24.342
459600 24.104
459601 23.858
459602 23.638
459603 23.395
459604 23.188
459605 22.946
459606 22.767
459607 22.55
459608 22.393
459609 22.275
459610 22.114
459611 21.971
459612 21.854
459613 21.723
459614 21.622
459615 21.497
459616 21.5
459617 21.467
459618 21.419
459619 21.413
459620 21.365
459621 21.347
459622 21.305
459623 21.293
459624 21.253
459625 21.229
459626 21.205
459627 21.189
459628 21.185
459629 21.178
459630 21.179
459631 21.178
459632 21.169
459633 21.17
459634 21.164
459635 21.163
459636 21.172
459637 21.17
459638 21.166
459639 21.169
459640 21.168
459641 21.171
459642 21.164
459643 21.17
459644 21.174
459645 21.169
459646 21.161
459647 21.174
459648 21.17
459649 21.162
459650 21.171
459651 21.167
459652 21.165
459653 21.168
459654 21.16
459655 21.165
459656 21.168
459657 21.164
459658 21.169
459659 21.16
459660 21.158
459661 21.166
459662 21.169
