1.5	-8.74338978239757
3.5	-4.96950793084306
5.5	-3.15351358591306
7.5	0.708793517203958
9.5	4.7798092498906
11.5	-4.83636908957851
13.5	-5.12872780945781
15.5	1.92062323937989
17.5	1.92948530343892
19.5	-0.97960398561645
21.5	5.24731461856572
23.5	-5.36781237308151
25.5	-6.37677039803293
27.5	-1.6548447570076
29.5	5.06182574939612
31.5	-4.50798344495615
33.5	0.490191110778142
35.5	-8.89535465594508
37.5	3.8599196500827
39.5	0.953964373521558
41.5	-0.552869434479362
43.5	9.47118305651566
45.5	-6.70754847276748
47.5	-10.7232167003367
49.5	1.8551668704722
51.5	-10.4879284520721
53.5	6.60554776627941
55.5	-3.00596523315744
57.5	-5.98443565626894
59.5	-7.32729658808785
61.5	-2.10556461374836
63.5	-4.77362989909489
65.5	-3.73509431227831
67.5	-2.21132299827332
69.5	1.83831871991515
71.5	4.15401573344661
73.5	3.35555487276088
75.5	-10.0845594407001
77.5	0.848657528544209
79.5	0.601724161931088
81.5	0.0110466212963729
83.5	-2.21610625449102
85.5	1.70040473472818
87.5	-1.35737543178766
89.5	5.57031886958157
91.5	-5.64740969746435
93.5	4.54208700655181
95.5	-5.89964100692123
97.5	8.24647710182853
99.5	-3.15486155025883
101.5	-2.28727464181156
103.5	2.61246946670235
105.5	-4.90016196569923
107.5	-5.79687050468056
109.5	-8.61464109233748
111.5	-2.19205560501268
113.5	-5.18866032024653
115.5	2.25990320736219
117.5	0.363889139103776
119.5	-6.21316928218403
121.5	-0.67803874312176
123.5	5.7689089590458
125.5	-0.389124600376817
127.5	-3.47559320049368
129.5	-0.731460378725387
131.5	10.6545630174714
133.5	-3.42629585740542
135.5	-11.917319000725
137.5	-2.25321344257009
139.5	2.58716150430519
141.5	-5.70320448459461
143.5	6.63552833033282
145.5	-8.95307303327263
147.5	-4.48419928720159
149.5	-0.9275993734027
151.5	-8.60866141941278
153.5	-2.43780687607523
155.5	-0.0680736237854944
157.5	1.1717328753075
159.5	3.81683879001412
161.5	-2.56011620156733
163.5	-1.01506983253967
165.5	-6.89364318895514
167.5	5.7474105625688
169.5	1.64747238857944
171.5	3.39017032758056
173.5	-1.12755048743293
175.5	1.52435352152588
177.5	-7.13497134489535
179.5	0.234425915444263
181.5	0.0395432539562535
183.5	1.08503443084919
185.5	-3.80383794198951
187.5	-3.44125049250852
189.5	-4.15347809030936
191.5	-0.407179153262405
193.5	-6.58977503522328
195.5	-5.62707937050163
197.5	-14.779269635651
199.5	0.818109767051283
201.5	3.11817236547722
203.5	-6.41337819482851
205.5	-11.7233145111431
207.5	1.76052839518343
209.5	-9.1023321771836
211.5	-2.86775785913051
213.5	-0.895460414199079
215.5	-2.15620315152682
217.5	-3.27275917108545
219.5	3.97121188360961
221.5	-4.67678958055694
223.5	-4.64491032894693
225.5	-2.80921368619147
227.5	3.76959848540719
229.5	-12.3845289886876
231.5	0.753245281413001
233.5	-7.57041724982537
235.5	1.02935254608201
237.5	-1.78541851399677
239.5	1.5058492094804
241.5	-1.07081709063277
243.5	-0.281543909745778
245.5	-2.15923448543799
247.5	-2.24403171869653
249.5	-0.47256093046235
251.5	-0.394655291810523
253.5	4.9124195791137
255.5	7.83772203124681
257.5	2.98429275354465
259.5	-1.72156200344034
261.5	-4.34543505070451
263.5	-4.80155620546066
265.5	-7.076115587598
267.5	6.41291950291088
269.5	-6.05580987582834
271.5	-2.66492414005461
273.5	1.26103037018311
275.5	-13.3486067833846
277.5	2.80036720814314
279.5	-2.79068556533639
281.5	7.04242310450081
283.5	-5.60972043769107
285.5	1.69124152946461
287.5	-0.785000732677872
289.5	6.35630073860557
291.5	-5.27120497174928
293.5	-4.28063300846497
295.5	-3.17074044362289
297.5	2.80910665186366
299.5	-7.77534337492762
301.5	-8.28143071831801
303.5	2.74147951082705
305.5	-4.60485988674372
307.5	-8.06497292988206
309.5	5.91728604347736
311.5	-0.298280196014275
313.5	-6.89120370239289
315.5	-8.04598521466323
317.5	-2.87610602999575
319.5	0.504390408423205
321.5	-0.768226630015306
323.5	-5.77424825019443
325.5	1.86785174000761
327.5	-8.64421578030397
329.5	4.28855026800284
331.5	2.24370740189534
333.5	-1.52666501040949
335.5	1.33668625461723
337.5	5.12158181000723
339.5	-6.54468177641866
341.5	-7.38990736234973
343.5	-2.8245707845017
345.5	-8.24500842433554
347.5	-1.12073090105423
349.5	11.5090667257546
351.5	-1.59544051754438
353.5	-0.551294084274559
355.5	-5.16080850717844
357.5	-3.68255653048163
359.5	-0.358556205421337
361.5	-5.78549303766431
363.5	1.458178657801
365.5	-2.55147123903407
367.5	-3.92628105146923
369.5	-0.742819782097285
371.5	-5.736393328134
373.5	-0.279626538195771
375.5	-6.26940812993143
377.5	-8.15501589985979
379.5	-4.88599015417913
381.5	0.276181421239016
383.5	2.65788563795559
385.5	-0.142903517472405
387.5	-0.0591577586728818
389.5	-10.8247350030506
391.5	-1.42660689894092
393.5	-10.6056320856105
395.5	-3.25159963155602
397.5	4.40576897338269
399.5	-3.05015898103647
401.5	3.69034820238994
403.5	-6.25741807081431
405.5	-2.81548428618225
407.5	-0.220671518760355
409.5	-0.709712478133042
411.5	-1.25117898366443
413.5	-1.96133534398632
415.5	-8.38083893849034
417.5	-4.80974229299409
419.5	-5.73331057992073
421.5	-1.72452200524276
423.5	-2.35285774288786
425.5	-4.619953940909
427.5	-2.73210480268426
429.5	-2.18617062942303
431.5	-7.63140498946359
433.5	-1.51697265493476
435.5	-6.28585521748755
437.5	0.511081579434176
439.5	4.71485351011506
441.5	6.07133775240436
443.5	-19.5949810257316
445.5	3.64589956070358
447.5	5.02027153298968
449.5	-4.66988838494672
451.5	4.03316199274377
453.5	-7.54622499458037
455.5	-6.13035506363121
457.5	1.189997557678
459.5	4.42621346613578
461.5	-8.4243269724775
463.5	-0.514782402100536
465.5	-7.83001750945368
467.5	6.21869120218162
469.5	-3.39331831055188
471.5	-2.6574472248285
473.5	1.38750558751417
475.5	-0.371874854588896
477.5	2.38796040870238
479.5	-0.824507600633297
481.5	-3.20302542702666
483.5	3.6845800683659
485.5	5.39384978331873
487.5	1.12805005138853
489.5	-4.00621514619979
491.5	2.30502470134797
493.5	-5.13380330792279
495.5	-13.0600004313146
497.5	-2.28664978828601
499.5	-3.06440096992264
501.5	2.32122948019969
503.5	-5.11930361144186
505.5	1.81794905012339
507.5	-12.2336305782383
509.5	-2.80089698451593
511.5	-2.90277573836011
513.5	-2.87974657637824
515.5	7.39975809512907
517.5	-2.55028343376944
519.5	-10.0534144367984
521.5	-3.37841367399869
523.5	-2.45907926402833
525.5	0.0284316190891332
527.5	2.61806603597779
529.5	-4.93760672047028
531.5	-9.28628440271314
533.5	-3.1031243426487
535.5	-3.03700874535753
537.5	-8.83069890798743
539.5	-6.2642922899422
541.5	1.92926147077196
543.5	6.7316730556704
545.5	-5.39101110076899
547.5	4.56254085137334
549.5	1.87179180301246
551.5	-8.20920323194241
553.5	-1.9970817840931
555.5	-0.0169063030798497
557.5	-3.88583067226409
559.5	4.71086026259218
561.5	-3.69585138035563
563.5	0.46520580555989
565.5	-6.41242643823171
567.5	1.42848627232797
569.5	-4.00283183185184
571.5	-2.50692802039521
573.5	-1.78213081710601
575.5	1.53237361543052
577.5	-3.0793817487729
579.5	1.49573588723979
581.5	-8.04390459449405
583.5	-7.62682814664822
585.5	5.39341339552357
587.5	-3.18401587272638
589.5	-10.9200700518368
591.5	-10.4060909093541
593.5	6.07083363522088
595.5	0.544806128177697
597.5	-1.72453717985172
599.5	-9.3272385776454
601.5	-2.94093006392541
603.5	-0.916633113747594
605.5	3.01538899715069
607.5	-6.17833868453999
609.5	-8.9724480460527
611.5	-1.8403776223995
613.5	0.209618108455288
615.5	-6.55459723274816
617.5	0.435155962426506
619.5	-2.92830184510785
621.5	-7.42273134758034
623.5	6.02341200084447
625.5	8.04171154534561
627.5	-10.5146564567358
629.5	-5.27477936216019
631.5	-12.1865403743814
633.5	0.137030440152557
635.5	-3.47132195261929
637.5	5.98488465094033
639.5	-8.88478207901335
641.5	-2.11744709560298
643.5	-10.2570485661518
645.5	-5.00956226270773
647.5	-4.6133752199321
649.5	-6.09554806867891
651.5	3.46030149014859
653.5	4.36005092042615
655.5	-2.33657491473241
657.5	-0.132845895222999
659.5	-9.24971742739399
661.5	2.67727857049886
663.5	10.9969170037193
665.5	-2.62729619510264
667.5	-3.74794980102433
669.5	-11.648986579039
671.5	9.1443172234558
673.5	-5.41518131455086
675.5	6.46111759033374
677.5	-3.72258254039843
679.5	-1.92804728917326
681.5	-11.8718677957659
683.5	-9.96221244916342
685.5	-3.93438281811723
687.5	-5.74364943516593
689.5	2.48463622880445
691.5	-4.78004552694438
693.5	-4.78896248395904
695.5	-2.13758713460265
697.5	-2.85264441998333
699.5	-7.93025902719182
701.5	-6.25940968001305
703.5	-6.48326200496285
705.5	-3.33317936662297
707.5	1.38497017832469
709.5	0.402170554751137
711.5	-15.4861449821037
713.5	-2.21349751648359
715.5	-0.47516962624195
717.5	-5.58312777163792
719.5	-5.13176244003807
721.5	1.55942292765212
723.5	-11.394780165313
725.5	-3.11837348315203
727.5	1.99254574272618
729.5	5.56744316039112
731.5	-3.12936640786756
733.5	-6.24261891423157
735.5	-10.4488101861471
737.5	-10.9976234053429
739.5	-9.6380983329118
741.5	-0.377490580122867
743.5	-7.61191936501837
745.5	-4.21949303925976
747.5	-6.99693242053218
749.5	-0.808886884475214
751.5	5.88277375985672
753.5	0.637836623186558
755.5	-0.871838670217585
757.5	-2.01065217355244
759.5	0.442327240787563
761.5	-7.15504309890457
763.5	-0.31573073247182
765.5	-6.34957026378197
767.5	-1.65043272441289
769.5	5.74461645660085
771.5	-3.28312505896429
773.5	10.6972114684977
775.5	2.19080265524462
777.5	-5.17053420141838
779.5	-4.67250600049647
781.5	-4.94966425382427
783.5	-5.71885855304117
785.5	1.82085099439882
787.5	-4.08395590388136
789.5	-7.81076086887879
791.5	-14.8292206589458
793.5	-6.12426842057812
795.5	-3.97607884676017
797.5	3.09154353668237
799.5	0.643521969477661
801.5	0.712717943462849
803.5	5.68624967142114
805.5	2.0613965768971
807.5	2.47614192367655
809.5	-5.35412898691266
811.5	-3.67918798348182
813.5	-2.60753833715717
815.5	-3.23828177977794
817.5	-2.50746711987358
819.5	-7.47978091302411
821.5	-6.8608706676514
823.5	-2.04271291629448
825.5	-6.78900977215653
827.5	4.27336419626772
829.5	-2.47264006111163
831.5	2.54520121435235
833.5	-8.52362607880241
835.5	-12.4233218393056
837.5	-5.95084967758339
839.5	-5.82637122137749
841.5	-7.43573156512684
843.5	-8.2889044829335
845.5	-6.74074488711631
847.5	-2.6741474705068
849.5	1.70774130917198
851.5	2.23658128420902
853.5	5.95823255809137
855.5	-6.40842500992221
857.5	-6.15886803581998
859.5	2.90333238473522
861.5	-11.1833498396027
863.5	-9.07753862034588
865.5	-11.8221821444686
867.5	3.70666165466628
869.5	3.867361233476
871.5	5.43692086052033
873.5	-11.4881666193914
875.5	-14.5935320415447
877.5	-8.95277914066537
879.5	-0.775070097030039
881.5	0.994379410233705
883.5	-10.4433570672054
885.5	-0.252913783459007
887.5	-16.2149238590619
889.5	0.623790428651773
891.5	-6.64178447394352
893.5	11.0654608947489
895.5	-1.45803038140639
897.5	7.53132043571168
899.5	-11.6216426105075
901.5	-4.47890090356213
903.5	-8.81863653985693
905.5	-2.78619879073995
907.5	-2.49950671663009
909.5	4.68567586742665
911.5	-9.74239824831966
913.5	-0.861686767700121
915.5	-5.0183699024401
917.5	-9.86355117391668
919.5	-1.97798826306007
921.5	0.94870468451245
923.5	-0.869246448086415
925.5	0.969931145832561
927.5	-8.59220035146245
929.5	0.274084029409096
931.5	0.401262740828315
933.5	-6.75985329366085
935.5	-6.13571056226374
937.5	5.53454711469567
939.5	-5.05803073891821
941.5	-7.42921233759716
943.5	-6.36021952335341
945.5	-7.48536525155032
947.5	-0.458095631806827
949.5	1.1381976910825
951.5	-6.55943449892038
953.5	-0.825152911798796
955.5	-5.88230463037598
957.5	3.9553061810393
959.5	-4.00232149696603
961.5	-3.33137042714134
963.5	-0.800411584255016
965.5	-1.18474151720056
967.5	2.02127852439935
969.5	0.764993459087236
971.5	-9.60419084686873
973.5	0.56719232584237
975.5	4.70621281115746
977.5	-3.37143120453402
979.5	1.76822741020078
981.5	-13.2124861847451
983.5	-6.06482865028829
985.5	-6.55795447202763
987.5	-7.23248183613759
989.5	-1.63968676647801
991.5	-1.92325769143827
993.5	-2.30197994313312
995.5	3.28311197253424
997.5	1.18896931167365
999.5	-2.21657259625863
1001.5	-0.776009166429503
1003.5	-1.70817589381659
1005.5	-5.62799196015476
1007.5	-7.87186357866449
1009.5	-9.38828550337439
1011.5	-2.04695075774998
1013.5	-1.30028635102826
1015.5	-5.05131506013822
1017.5	-5.21000047090365
1019.5	-4.13485552145539
1021.5	-5.18876041915337
1023.5	-3.46919373788114
1025.5	-1.71760071622066
1027.5	-10.3539940429418
1029.5	-3.56024079901181
1031.5	9.82643197079688
1033.5	-4.09959313696072
1035.5	-2.84193256247818
1037.5	0.516219211050156
1039.5	-1.8056672876146
1041.5	-0.0219990463756403
1043.5	10.9996261301967
1045.5	-3.04277983786324
1047.5	-9.74236591798035
1049.5	-7.05370477300767
1051.5	-0.0300437388314094
1053.5	-5.87924598171139
1055.5	-5.49664507719081
1057.5	-3.6042631172495
1059.5	-6.89907297873833
1061.5	-0.187496295128767
1063.5	-2.56546885834723
1065.5	2.40660569845659
1067.5	6.37792310400255
1069.5	-9.61441556313275
1071.5	-2.90586210900801
1073.5	-4.6361722777383
1075.5	-1.65199712094
1077.5	2.74303503580359
1079.5	-1.83609902919397
1081.5	-6.30188934744183
1083.5	-5.491644503104
1085.5	4.74898762659905
1087.5	-4.22974244022953
1089.5	-10.51081490463
1091.5	-4.1864216586273
1093.5	-0.201213035839828
1095.5	-6.78124635895892
1097.5	-2.16062408297785
1099.5	-7.00649734424496
1101.5	-4.71395121501155
1103.5	-11.7401906208297
1105.5	-7.34016015429825
1107.5	4.82725094282796
1109.5	-5.51701706411859
1111.5	-9.82215896236357
1113.5	-3.23013702317348
1115.5	-0.824922797433828
1117.5	8.94946946720484
1119.5	-3.16633336460563
1121.5	-11.4196170171908
1123.5	-8.56435115903696
1125.5	-0.24225331872276
1127.5	-6.92593676564775
1129.5	-0.00392629111229326
1131.5	-8.71224476247971
1133.5	-3.82122552177316
1135.5	10.0962672154219
1137.5	-9.29142463657445
1139.5	-3.5064511418168
1141.5	0.353965371730737
1143.5	-2.60710471224411
1145.5	7.96013408915951
1147.5	-4.78490224653251
1149.5	-6.31945697270294
1151.5	-1.96277694155469
1153.5	2.90381183103091
1155.5	-1.48836964339171
1157.5	-0.110289118255423
1159.5	-1.61229870556963
1161.5	0.569047695934387
1163.5	-2.05897951056886
1165.5	-4.41918728390283
1167.5	-9.50378668745452
1169.5	-12.2951195121723
1171.5	-12.9485866322329
1173.5	-0.293634606840897
1175.5	-6.06987637400289
1177.5	-7.73992200787598
1179.5	3.04122849647683
1181.5	-1.59399535856028
1183.5	-3.98272964510488
1185.5	-4.71698479089446
1187.5	0.872521091206181
1189.5	-7.0134126475532
1191.5	-2.84163206860831
1193.5	-7.30468304897113
1195.5	0.0146697881446016
1197.5	-3.59735206475125
1199.5	-6.99433932984721
1201.5	-7.98570209697209
1203.5	-0.939485544021409
1205.5	-0.749284990110027
1207.5	-4.10443512479378
1209.5	0.0827363230446281
1211.5	-2.71980827483731
1213.5	-12.1654061291047
1215.5	-2.543196485718
1217.5	-1.15857053389755
1219.5	-4.09030188782799
1221.5	-7.22137013605152
1223.5	-1.40687751954101
1225.5	-11.3372716884551
1227.5	2.18877934595275
1229.5	-12.0091421608604
1231.5	10.47207643001
1233.5	-2.13846273527906
1235.5	-3.22522592995301
1237.5	-0.138858190928659
1239.5	-4.93687670231793
1241.5	1.49309319032545
1243.5	3.90299227980813
1245.5	0.0857597159310899
1247.5	-1.86492257711325
1249.5	-10.0176569530595
1251.5	-8.83900550353974
1253.5	5.49655301898565
1255.5	-12.5825630897516
1257.5	-12.0291200436623
1259.5	2.46356864003792
1261.5	11.0000051856596
1263.5	3.33075890564578
1265.5	8.62399049108626
1267.5	0.448563700654631
1269.5	-5.83329054077603
1271.5	-5.07254188306979
1273.5	-5.46507459075019
1275.5	0.170659549778975
1277.5	-6.69070102773276
1279.5	-9.26023642762539
1281.5	-7.69022944603148
1283.5	9.89293890986119
1285.5	-3.1059579407929
1287.5	3.26529675915845
1289.5	2.48003585807328
1291.5	-5.42014602921245
1293.5	2.44954862399118
1295.5	2.05518129856591
1297.5	-5.1947930622282
1299.5	-0.955229388086991
1301.5	-8.56335825809674
1303.5	-1.98106528799417
1305.5	7.50582940908862
1307.5	-5.60901176453808
1309.5	-0.444029807397783
1311.5	-4.66593728580119
1313.5	1.12585816590763
1315.5	0.164917045230141
1317.5	-14.6519963965357
1319.5	1.38551226627897
1321.5	-6.10028836288348
1323.5	-3.28955386319285
1325.5	-6.15082322105536
1327.5	-10.0923221985795
1329.5	0.711719744670518
1331.5	-1.49911359916132
1333.5	-5.59657997795512
1335.5	-10.0913482886199
1337.5	-5.70384202288187
1339.5	-3.78799390874065
1341.5	0.297605053755433
1343.5	-1.48736216842372
1345.5	-2.0420238727047
1347.5	-0.97371303885393
1349.5	-1.95697565266801
1351.5	4.51587280667172
1353.5	-1.75874094729261
1355.5	9.20588724243498
1357.5	-3.21154076420407
1359.5	4.53489120527593
1361.5	-1.42620602985698
1363.5	-2.78299289235474
1365.5	-2.06780049835834
1367.5	-7.68898446766252
1369.5	-7.19134665672391
1371.5	-14.9458097815696
1373.5	-3.22478911116013
1375.5	-4.79720960633404
1377.5	2.59180927248053
1379.5	-5.07036904586766
1381.5	-6.79096774115988
1383.5	0.0831108439897434
1385.5	-9.74382346344464
1387.5	-3.50215156120976
1389.5	-1.77933627329276
1391.5	0.972806607078383
1393.5	-4.37968543479474
1395.5	7.01149192936464
1397.5	-5.878220655939
1399.5	0.206432107632281
1401.5	-11.0819772933801
1403.5	1.04809096584995
1405.5	4.96116612095921
1407.5	-0.294251354939661
1409.5	0.534106628406334
1411.5	-5.49866816321901
1413.5	3.10966148428815
1415.5	3.78207598599602
1417.5	1.80653853765489
1419.5	-8.68088915339195
1421.5	-1.89796351520181
1423.5	-11.5537104882278
1425.5	-2.69134029995075
1427.5	-2.2954547836498
1429.5	1.50864645215097
1431.5	-9.18649471370281
1433.5	-4.86681262470211
1435.5	-6.51320381857659
1437.5	-4.82300187634883
1439.5	0.131016917503985
1441.5	2.24985576270228
1443.5	-7.76734560848581
1445.5	-0.742633982921689
1447.5	-2.17911449074563
1449.5	-9.77256037352436
1451.5	0.936355827167972
1453.5	-2.86027598106375
1455.5	-5.75279719985247
1457.5	-6.62897891349257
1459.5	-6.6310933805371
1461.5	1.88550067744563
1463.5	-3.19095422993178
1465.5	2.09315361049266
1467.5	-1.14605591702093
1469.5	-5.17408420279116
1471.5	-1.7263591550045
1473.5	-10.687508022088
1475.5	-16.5757430567401
1477.5	-6.66153155847769
1479.5	3.45557192550405
1481.5	-2.60986790250718
1483.5	-2.79436706582328
1485.5	-4.89088144639663
1487.5	-12.3928709325637
1489.5	-10.5748228797775
1491.5	-1.76120963648827
1493.5	-11.0423464889673
1495.5	5.11849187532698
1497.5	-9.13474000782026
1499.5	-11.2793530853578
1501.5	-7.04456578522968
1503.5	-1.66157843872224
1505.5	-5.40747590121737
1507.5	-8.41976297757265
1509.5	-0.685618019530011
1511.5	8.66036247168358
1513.5	1.58009937641691
1515.5	2.88164571148718
1517.5	4.12779343886814
1519.5	8.28146550951897
1521.5	-6.63792895580536
1523.5	-1.19713309775489
1525.5	0.906070201896
1527.5	-8.61122450069615
1529.5	-7.82233054024437
1531.5	-2.74673237255683
1533.5	-0.963527097250335
1535.5	-8.67591643486503
1537.5	-9.05194387070878
1539.5	-12.6216266456049
1541.5	-0.124582008211291
1543.5	-8.12468896722112
1545.5	2.84004701055073
1547.5	-6.40799401296499
1549.5	-7.83950882674617
1551.5	-2.19444535009461
1553.5	1.73552420495253
1555.5	-3.9299721525922
1557.5	-1.23464524684732
1559.5	-0.709139157155732
1561.5	3.25294127153938
1563.5	-2.98195192846379
1565.5	-8.17416845588923
1567.5	-10.5594434999366
1569.5	10.4895772588352
1571.5	-7.76168209775005
1573.5	-7.53140776623059
1575.5	-8.48468623146437
1577.5	-7.36395560299934
1579.5	4.83936835871827
1581.5	2.33048789176792
1583.5	-2.17868374778845
1585.5	-18.9477737523457
1587.5	-7.29839336292025
1589.5	0.973044142506296
1591.5	-4.32867488869124
1593.5	-3.77758313190407
1595.5	3.8566239725651
1597.5	-2.45149036384191
1599.5	-9.52608262786543
1601.5	2.64900458289503
1603.5	-12.6944465686665
1605.5	2.16018305680154
1607.5	0.676759535454039
1609.5	-6.7824961571032
1611.5	-4.61901737594144
1613.5	-8.40013690525939
1615.5	-7.27111241015973
1617.5	-2.16521577056938
1619.5	-4.38642598705064
1621.5	6.50803304142937
1623.5	0.850556433747442
1625.5	5.98142959608867
1627.5	-9.67204690952985
1629.5	-0.761208483369956
1631.5	-2.19501883810881
1633.5	-0.611354583536922
1635.5	2.59827304483042
1637.5	0.130948807599452
1639.5	-2.07615650768457
1641.5	4.30093835559637
1643.5	-12.7771135070179
1645.5	-2.5311620963339
1647.5	5.84161447287897
1649.5	-5.60184863653376
1651.5	-5.62726256153837
1653.5	-7.6530669620588
1655.5	-9.71833330245136
1657.5	-4.40389429164043
1659.5	-3.68406134107954
1661.5	-2.72721274101787
1663.5	-5.81681552786813
1665.5	-4.78009866908997
1667.5	4.04284560195083
1669.5	-8.14110156883453
1671.5	-5.46882022698719
1673.5	4.96055426641215
1675.5	-0.165538445683524
1677.5	-6.16614340470642
1679.5	-4.01632385322409
1681.5	-10.114231650452
1683.5	-3.35599925439146
1685.5	-5.62453758247375
1687.5	-2.64870346447151
1689.5	0.68390160011495
1691.5	-6.35203125183398
1693.5	5.08937209611395
1695.5	-2.43601175972981
1697.5	-4.83641069542682
1699.5	-0.951913900637919
1701.5	-4.00138876896108
1703.5	-6.03822897702685
1705.5	-8.29500134846694
1707.5	-2.69911935309665
1709.5	-10.8291765330569
1711.5	2.07703151512669
1713.5	-5.22244527870498
1715.5	-1.80809111549934
1717.5	-4.67916088026777
1719.5	-5.55979283734177
1721.5	-0.878853723999782
1723.5	2.95531766196291
1725.5	0.354158469434878
1727.5	4.80225192626494
1729.5	-2.93955213401478
1731.5	-0.293195156337788
1733.5	-5.47013889593563
1735.5	-6.03806682794311
1737.5	-13.0845579194884
1739.5	11.2986041118975
1741.5	1.49972615047591
1743.5	0.795580260821225
1745.5	-1.78893633172993
1747.5	-3.25317531164274
1749.5	-0.0683530636806609
1751.5	1.14853395012597
1753.5	4.46740743705232
1755.5	0.647748853050871
1757.5	0.867326224380122
1759.5	0.847967749207783
1761.5	-5.87828774864647
1763.5	2.60171051413272
1765.5	6.06556425461531
1767.5	-4.85620859778373
1769.5	-7.89842544456042
1771.5	0.431372706204456
1773.5	-5.60982030266405
1775.5	-4.99452184120855
1777.5	-7.09182928312748
1779.5	-5.71589259782741
1781.5	-5.06915952562849
1783.5	2.60339821479738
1785.5	-0.516830791492794
1787.5	-5.148151924167
1789.5	-0.638629716193464
1791.5	-2.42549260637315
1793.5	-1.5276152799679
1795.5	-2.67162171712971
1797.5	3.574896897092
1799.5	-4.04350762434024
1801.5	-0.720797713442153
1803.5	-3.27419716046097
1805.5	-5.19782044655585
1807.5	-5.75501905677538
1809.5	3.67915296225783
1811.5	-8.6586140103791
1813.5	-12.3925713620192
1815.5	0.87232048333226
1817.5	-3.61724191055328
1819.5	-1.09068492642473
1821.5	0.316413803783689
1823.5	-4.19979456337023
1825.5	-4.50022460900709
1827.5	-5.25484632293319
1829.5	5.92621026623328
1831.5	-0.581087784070405
1833.5	-1.71089015364214
1835.5	2.40363332638753
1837.5	-1.18134131889474
1839.5	-8.76643737272025
1841.5	2.60084854889556
1843.5	0.231672493610859
1845.5	-2.13604320941886
1847.5	-5.11635172957449
1849.5	2.67505346028793
1851.5	-5.15709087396408
1853.5	-6.15258572501443
1855.5	-8.93906351169608
1857.5	-4.34522302300775
1859.5	-7.08011221517518
1861.5	2.87367151814669
1863.5	1.39587775855034
1865.5	-1.00300232267
1867.5	-6.57682441400812
1869.5	-2.79230977366296
1871.5	-4.21658145727906
1873.5	0.116720657784754
1875.5	1.73163950930029
1877.5	-11.1745372839632
1879.5	-6.33055074336153
1881.5	-8.29902138312718
1883.5	0.888798965481328
1885.5	1.68167745341634
1887.5	-1.70440319602858
1889.5	-4.66191173143125
1891.5	-6.69028499105752
1893.5	-8.32832084258825
1895.5	-3.3894502766434
1897.5	-4.21636371575551
1899.5	-11.7750030746265
1901.5	1.89368744797594
1903.5	-6.47787275912742
1905.5	-6.52924579513456
1907.5	-8.53002464285964
1909.5	-1.5115065607788
1911.5	-7.03728695031896
1913.5	-7.76234776374622
1915.5	-0.584127287588672
1917.5	-1.56754828411613
1919.5	1.58421110985819
1921.5	-11.7894928681972
1923.5	-11.3829556143801
1925.5	0.00582222204502614
1927.5	0.0928760100714499
1929.5	-0.843239205024474
1931.5	-5.22798134256573
1933.5	-1.65552118386768
1935.5	-1.16133319898199
1937.5	-9.47571879610314
1939.5	-4.77992885938056
1941.5	-7.22814523922989
1943.5	0.598676352152324
1945.5	-6.59327822186515
1947.5	-2.44560817903857
1949.5	-1.81208424963279
1951.5	-6.58121710666819
1953.5	-2.96281320775324
1955.5	4.63310254273256
1957.5	0.43621595734021
1959.5	-2.14030596790963
1961.5	-13.38628186186
1963.5	-6.15547023684576
1965.5	-3.21558345433641
1967.5	-0.22068374693572
1969.5	-9.83377276434931
1971.5	-4.60748183144733
1973.5	-1.71505420636095
1975.5	1.30072460458177
1977.5	1.60789730081069
1979.5	-1.6575493335904
1981.5	-7.01165975346703
1983.5	-4.7644442489518
1985.5	-4.8083029819627
1987.5	-1.03291210989482
1989.5	-1.55526713896052
1991.5	-9.80027706120381
1993.5	-0.806452189443007
1995.5	-5.85955892289621
1997.5	-4.99070405681141
1999.5	1.44698255419189
2001.5	1.18569806381674
2003.5	3.44022270723235
2005.5	-1.0405031931632
2007.5	-7.56582227336276
2009.5	-0.370556841426151
2011.5	-6.91959565374691
2013.5	-1.54783626550852
2015.5	-5.09482089429275
2017.5	-3.36662553089081
2019.5	-7.8730252713658
2021.5	-4.08824684121919
2023.5	2.36981095766441
2025.5	-3.13007612062665
2027.5	-5.97662760856747
2029.5	-6.35613924697464
2031.5	-2.16616091110245
2033.5	9.40211906499189
2035.5	-3.72086007734379
2037.5	-0.284998245238967
2039.5	-0.169105476551522
2041.5	-6.20317616645843
2043.5	-2.69248516030893
2045.5	-8.43296238013409
2047.5	0.131264511849622
2049.5	7.45645591087668
2051.5	-6.93579022473659
2053.5	-2.40080362492608
2055.5	-12.5920957707331
2057.5	-1.05820050470902
2059.5	-8.13215090157883
2061.5	-1.23650682991138
2063.5	-2.38559862371403
2065.5	-8.44411676579057
2067.5	-3.5307688002822
2069.5	-2.97751251283171
2071.5	-6.05128450860138
2073.5	-10.6039880550425
2075.5	3.74211594687495
2077.5	-7.4503165723545
2079.5	-11.236806781244
2081.5	-16.6218826459071
2083.5	-5.48723460756264
2085.5	-3.6989186374185
2087.5	-10.9150300058709
2089.5	6.10295527017479
2091.5	-8.54083878065103
2093.5	-1.72595525197539
2095.5	-1.47710449183705
2097.5	-4.14074747008181
2099.5	4.33209069587065
2101.5	-10.4525739343499
2103.5	1.37923403646255
2105.5	0.429159093033377
2107.5	-10.4171395875765
2109.5	-3.30696304879075
2111.5	-4.58590085254855
2113.5	-14.3707790157941
2115.5	1.53755328712214
2117.5	-5.24429931858595
2119.5	8.48112601226148
2121.5	1.2676328541138
2123.5	-16.4832767860871
2125.5	-2.26084325834472
2127.5	-8.95874796953012
2129.5	-7.4450139034152
2131.5	-5.99244774399722
2133.5	3.06780197187982
2135.5	-1.49084520723591
2137.5	-6.69727102236175
2139.5	-2.75618853777542
2141.5	-0.193646760581032
2143.5	-5.1513362339756
2145.5	-6.79909862106069
2147.5	-7.44899528315727
2149.5	-1.19852600881222
2151.5	-7.27701957515455
2153.5	-1.6248149003759
2155.5	-13.3735441533317
2157.5	0.0666582320836824
2159.5	-6.61819709311021
2161.5	-4.79431566789845
2163.5	-2.09983253413975
2165.5	-4.30712775360371
2167.5	-4.65348615516359
2169.5	-9.76400433945764
2171.5	-1.74259062215515
2173.5	0.338901331880152
2175.5	1.46892867928
2177.5	-2.60205514161498
2179.5	-6.02434045288464
2181.5	-3.03846783964582
2183.5	0.217750839469772
2185.5	-9.5725608516459
2187.5	1.17899357527767
2189.5	4.81629774259545
2191.5	-2.00475725432261
2193.5	-14.6011045158875
2195.5	-3.64406918539589
2197.5	-3.24213656760639
2199.5	-2.12674697111743
2201.5	-3.73138510375702
2203.5	-2.19839384192346
2205.5	-1.73735430012221
2207.5	-4.45289265294196
2209.5	-3.77634635392133
2211.5	2.16303689700089
2213.5	-2.64289998156892
2215.5	4.25229141510499
2217.5	6.21038539411256
2219.5	-7.22866814548706
2221.5	-2.67296814212841
2223.5	-6.14720928141469
2225.5	-4.83329146394772
2227.5	-12.1702094595212
2229.5	-0.459188510294553
2231.5	-0.268298367708667
2233.5	-10.3728183858539
2235.5	-4.83385717440251
2237.5	1.31550237730517
2239.5	0.150019350188813
2241.5	4.26044296117379
2243.5	-7.70627720717948
2245.5	2.89771980966361
2247.5	-6.92236342032811
2249.5	-2.37725679790583
2251.5	-9.11565420382067
2253.5	-9.92371737697522
2255.5	3.55856195713659
2257.5	-4.25932367161295
2259.5	-6.20214398882399
2261.5	-13.9666005570025
2263.5	3.93481073158455
2265.5	3.8711932193155
2267.5	-2.81020254164468
2269.5	-2.7284316283849
2271.5	4.21284862241919
2273.5	-3.37710730439358
2275.5	-1.83263856873964
2277.5	-1.73389942565882
2279.5	-12.8949545846999
2281.5	-6.84703134077154
2283.5	3.83395369323352
2285.5	-8.85546546205205
2287.5	0.784668634344598
2289.5	-10.4308733161324
2291.5	0.751075748426956
2293.5	-6.57014475973847
2295.5	-10.7916048839843
2297.5	-3.07457581509698
2299.5	-2.11238472388413
2301.5	-9.58476914042694
2303.5	3.90209806368784
2305.5	4.65600476567033
2307.5	-5.28099033965918
2309.5	-3.43113258364974
2311.5	4.44391932869075
2313.5	-6.29795137145175
2315.5	-6.90834123348122
2317.5	-6.67562136820925
2319.5	2.18630105920147
2321.5	-5.19869797162391
2323.5	4.98670597689397
2325.5	4.44083611972292
2327.5	3.02138340466627
2329.5	0.0788309019708322
2331.5	-4.96129831031885
2333.5	-8.34714727969822
2335.5	-5.07486526894354
2337.5	-8.90375849115117
2339.5	-3.50770343708064
2341.5	-10.6098969656832
2343.5	-1.76924751278693
2345.5	-2.8960255063057
2347.5	-2.25738054965223
2349.5	2.52349466868145
2351.5	-6.8484182854354
2353.5	-2.11261920195648
2355.5	4.68792934431258
2357.5	-3.62367793035719
2359.5	-0.136408442269385
2361.5	-1.17012357579097
2363.5	-9.71810677539906
2365.5	-6.46046887949706
2367.5	-4.13961647329324
2369.5	1.8027266124036
2371.5	-4.04504162249486
2373.5	0.312057532673862
2375.5	-12.4365468791548
2377.5	-8.72916235597768
2379.5	-8.70507606059255
2381.5	0.835227544845111
2383.5	-9.84256431876292
2385.5	-4.34918609157921
2387.5	-8.58442386320075
2389.5	-1.21243807802421
2391.5	2.21282435229659
2393.5	-3.68077050345619
2395.5	-5.56580500865675
2397.5	4.9311729669389
2399.5	-9.68408313590407
2401.5	-9.97375796359847
2403.5	-0.979919069006428
2405.5	-4.35817084769496
2407.5	-5.46883494202393
2409.5	-6.5816832227456
2411.5	-5.7071993069012
2413.5	-6.78496946005635
2415.5	-2.78670507290008
2417.5	-8.76447228728102
2419.5	1.3033442524511
2421.5	-7.2520993024018
2423.5	-7.33031950068016
2425.5	-8.54538178941493
2427.5	-8.03391491144066
2429.5	-3.33457160589751
2431.5	-0.0263133272092091
2433.5	-3.67045772647907
2435.5	-11.6692099671536
2437.5	2.4198150417169
2439.5	-5.11486232298739
2441.5	1.37092396203298
2443.5	-2.35661229674315
2445.5	-3.05656325357722
2447.5	-2.09938819854233
2449.5	-7.11873954587008
2451.5	-6.55621603461077
2453.5	-5.01003477684662
2455.5	-4.20597320482921
2457.5	-4.60318648408975
2459.5	2.05957232024684
2461.5	2.8189366034012
2463.5	0.692068132761051
2465.5	8.18795638253869
2467.5	-3.78942979434942
2469.5	7.674281573808
2471.5	4.33480144684654
2473.5	-3.15670458426757
2475.5	3.02345434331346
2477.5	-4.46393630617695
2479.5	1.19410461260577
2481.5	-6.16272348300572
2483.5	9.17406492566352
2485.5	4.26899671289175
2487.5	-1.80182352641168
2489.5	-2.132252821164
2491.5	-11.8089182479916
2493.5	0.982451423446037
2495.5	3.75875785204062
2497.5	-6.56469934278721
2499.5	-4.69025365399557
2501.5	-13.9312923277139
2503.5	3.3689042089627
2505.5	-8.53727082251498
2507.5	-1.31416441759848
2509.5	-11.6025388959451
2511.5	-6.36643472281412
2513.5	2.95957087557326
2515.5	-7.03478089530199
2517.5	-3.8105061139695
2519.5	-1.35863150698697
2521.5	-6.48645507624315
2523.5	-2.10321707354615
2525.5	-0.903835098700256
2527.5	-4.56232094541883
2529.5	-6.40125830309262
2531.5	-5.44758580340022
2533.5	1.74461893299303
2535.5	-7.05579292018592
2537.5	-2.82136273692686
2539.5	-7.15515400406639
2541.5	-7.14904925377414
2543.5	4.78376551739893
2545.5	-1.06072781975308
2547.5	4.01947763144653
2549.5	1.73882766556471
2551.5	-9.4020613969933
2553.5	-4.34446277040661
2555.5	-2.94505038578882
2557.5	-4.63282418274139
2559.5	-1.42990319738328
2561.5	-2.83374038116563
2563.5	3.93160619127957
2565.5	-7.18788591520388
2567.5	4.75571627297995
2569.5	-3.49414899507519
2571.5	3.15711248023763
2573.5	-9.75614102387408
2575.5	-2.34855007138412
2577.5	3.31020959238595
2579.5	-1.25267041592724
2581.5	-7.15211324305074
2583.5	3.15830046883184
2585.5	-3.71562175737654
2587.5	-9.0722101833444
2589.5	0.332091987202148
2591.5	4.99381062378507
2593.5	4.16923354026585
2595.5	6.73134817668415
2597.5	-6.14373745923149
2599.5	-11.4503854384402
2601.5	-4.01901396554877
2603.5	0.0242155611977068
2605.5	-6.11128230165559
2607.5	0.147829466761323
2609.5	2.61883307381868
2611.5	-9.50246273745779
2613.5	7.73413457635161
2615.5	5.2193983594052
2617.5	-8.2694465206132
2619.5	-5.2357040109755
2621.5	0.4464833699667
2623.5	-4.73314525690057
2625.5	0.971201392616422
2627.5	-10.5861491547275
2629.5	7.68976658632255
2631.5	8.68690903098377
2633.5	-8.37868711054216
2635.5	-6.68419566295233
2637.5	-8.65630995920856
2639.5	9.97809247693749
2641.5	-4.05324977417695
2643.5	-8.01134238674695
2645.5	1.98857052759831
2647.5	-3.83602399056508
2649.5	1.65923861319698
2651.5	-5.60195942444443
2653.5	4.4485549750234
2655.5	6.53367131142568
2657.5	-2.89087783464583
2659.5	2.05495333606632
2661.5	1.80972362052034
2663.5	-4.40011514215712
2665.5	9.33294637548079
2667.5	7.75728583438104
2669.5	0.0731976619381385
2671.5	-9.60351067730426
2673.5	-2.41532780284069
2675.5	-0.576776395666457
2677.5	-3.90097932014487
2679.5	-4.72291952597425
2681.5	-3.78035618601189
2683.5	2.98144220518952
2685.5	-3.22503125898402
2687.5	7.43841917818463
2689.5	-7.77343389702401
2691.5	2.20659206209257
2693.5	-12.379283079058
2695.5	-11.4972673002721
2697.5	-3.57073320356812
2699.5	1.05361753918896
2701.5	-2.27401846824068
2703.5	-4.70254164511971
2705.5	-3.62245654038179
2707.5	-5.04142327782665
2709.5	-2.90460104274371
2711.5	-6.51365422113668
2713.5	-2.80121549526939
2715.5	-1.73523226203451
2717.5	-6.09379435734081
2719.5	4.74009230762022
2721.5	-8.2676893155749
2723.5	1.65409714165617
2725.5	-11.4817127627921
2727.5	-5.82412756287522
2729.5	-11.7021230558867
2731.5	-6.22861823838139
2733.5	-9.57866588992874
2735.5	2.37700956095159
2737.5	6.66544332509329
2739.5	3.58489705666489
2741.5	-4.16105119882741
2743.5	-7.16357998547574
2745.5	-4.87713870828702
2747.5	3.89926758486308
2749.5	2.49286132776342
2751.5	-0.969157141064898
2753.5	-2.82606414551537
2755.5	2.55452610766588
2757.5	-0.955507486309216
2759.5	5.08788888601975
2761.5	3.03677936690747
2763.5	-4.01170623686903
2765.5	-3.56374644793686
2767.5	3.60819851274482
2769.5	-5.82818073681028
2771.5	-10.2969156729841
2773.5	-3.16907127606555
2775.5	0.741574077502264
2777.5	-0.687438819561976
2779.5	-5.5218203320037
2781.5	2.40353158349535
2783.5	-3.40442681334025
2785.5	1.19470268499026
2787.5	1.29807550378973
2789.5	9.05483213783737
2791.5	-5.79931173769091
2793.5	1.21771888228614
2795.5	-1.92505353585966
2797.5	-0.732678369520727
2799.5	-11.3161685830191
2801.5	3.59022072892822
2803.5	-1.52023074079079
2805.5	5.58098724057072
2807.5	3.54852789542565
2809.5	0.372230390793447
2811.5	-10.8602626129632
2813.5	-3.24428596310554
2815.5	-9.01877971898921
2817.5	-1.44832439532365
2819.5	-0.292632714711544
2821.5	3.93030634707702
2823.5	-2.54209652079226
2825.5	-10.9457841659751
2827.5	4.05265572393364
2829.5	-0.635513003590859
2831.5	-9.42151247000311
2833.5	-0.0638788277965432
2835.5	2.16933771455842
2837.5	-4.9619267203816
2839.5	-13.6613690006361
2841.5	-1.63303234958221
2843.5	3.26240880244768
2845.5	-1.85650977579189
2847.5	-3.07173720327501
2849.5	2.14633494745885
2851.5	-2.62296532309483
2853.5	-2.17502553772556
2855.5	-0.72848205428545
2857.5	-3.54333537184539
2859.5	0.9201311734505
2861.5	-1.8078132640976
2863.5	-0.341848716299864
2865.5	-3.86326845794611
2867.5	-6.69265009804349
2869.5	-7.20233984128845
2871.5	-2.51004182330325
2873.5	-6.67490836355864
2875.5	2.12861213733959
2877.5	-7.80497854534678
2879.5	-4.00652719284881
2881.5	-7.53534858516468
2883.5	-5.50270594951962
2885.5	-11.4890546845127
2887.5	0.673735217572357
2889.5	1.7220434614037
2891.5	-5.88146113678431
2893.5	2.75822864716338
2895.5	1.22025605920953
2897.5	-3.19468152959143
2899.5	-0.100206282415456
2901.5	-9.13443868012564
2903.5	4.65952929459036
2905.5	4.06207932423695
2907.5	-4.67431705904073
2909.5	6.1572330931449
2911.5	-6.51149736746447
2913.5	-0.931230816870993
2915.5	1.20702657630682
2917.5	-5.87945264264454
2919.5	-5.90375466684327
2921.5	2.44789033212874
2923.5	-7.4179327927086
2925.5	-12.117807297157
2927.5	-0.85094615010712
2929.5	1.37108494999939
2931.5	-0.725491783701727
2933.5	-4.05285217735855
2935.5	3.28088850931726
2937.5	8.98132488988449
2939.5	1.88807481214644
2941.5	-12.2897637496881
2943.5	1.93436042808662
2945.5	-6.09802272227626
2947.5	-3.45597434191768
2949.5	0.414253003765225
2951.5	-0.32935373572127
2953.5	2.50906100971861
2955.5	-9.66298615453798
2957.5	-4.48615983004311
2959.5	1.03948558280536
2961.5	5.06164606384027
2963.5	-0.79552100449655
2965.5	-3.38077648929448
2967.5	6.5818921047794
2969.5	-4.45035277017996
2971.5	-6.77360178053277
2973.5	3.25586228576776
2975.5	10.1988286540118
2977.5	8.02175407021059
2979.5	-7.79948170847183
2981.5	1.51557846950527
2983.5	-6.43648062425018
2985.5	5.70964372898652
2987.5	-4.5312380302048
2989.5	-0.741617963300996
2991.5	-2.17553193489493
2993.5	-0.459447009444375
2995.5	1.17587123169778
2997.5	0.146048806245744
2999.5	-5.61484426547941
3001.5	-7.96756212439504
3003.5	-2.79285161226471
3005.5	-2.96546479895005
3007.5	-5.72425523553375
3009.5	-10.6428998661477
3011.5	0.781641405004848
3013.5	-7.44777227726809
3015.5	-5.8360893873687
3017.5	-5.24846442275521
3019.5	1.9969001316922
3021.5	-16.2614200956286
3023.5	-2.11458899572608
3025.5	6.34435498419498
3027.5	-1.62573341273128
3029.5	-3.55368522128447
3031.5	7.54652490391436
3033.5	-3.65225231029763
3035.5	-2.08060310530618
3037.5	5.06131200925029
3039.5	2.65678857926014
3041.5	-3.3918145113239
3043.5	0.26537693642149
3045.5	5.91500777399051
3047.5	-4.48864182711441
3049.5	-1.96871113623183
3051.5	-4.600115716662
3053.5	-9.99299450715716
3055.5	1.77308749490658
3057.5	-2.29675038393088
3059.5	6.54603593535558
3061.5	-1.05902655244699
3063.5	4.77358207283669
3065.5	-8.63795292487885
3067.5	-2.46340053998028
3069.5	4.3407883423115
3071.5	-7.29279221598972
3073.5	4.34384634854632
3075.5	-4.31902007228109
3077.5	-8.48608642056297
3079.5	-0.910584990550888
3081.5	-9.7913243674675
3083.5	-0.550405686537488
3085.5	-7.47430002690999
3087.5	-1.94979780449921
3089.5	-5.16575656498389
3091.5	5.55908175194782
3093.5	0.142214633221556
3095.5	0.0217398293807491
3097.5	-6.71156393798628
3099.5	-4.2070019886296
3101.5	-2.725120409993
3103.5	-8.98688400673109
3105.5	-4.76889985163962
3107.5	-4.53787100763475
3109.5	-0.838023256133056
3111.5	1.74115803761651
3113.5	-2.4852858076647
3115.5	1.36017160568736
3117.5	-0.388307907013768
3119.5	-2.6783193412457
3121.5	-0.752116173050126
3123.5	0.291003357135196
3125.5	6.94130742459947
3127.5	-0.374266037082634
3129.5	-4.9266957786258
3131.5	-7.98517650429403
3133.5	-3.15217392264185
3135.5	-0.654331425816054
3137.5	-1.63887170392263
3139.5	3.30612247361296
3141.5	-2.69919181359001
3143.5	-0.867146314298225
3145.5	-0.620697926837238
3147.5	-10.0190038780756
3149.5	-11.1853151494743
3151.5	-3.84739874435127
3153.5	-9.29105296487523
3155.5	7.23106946272765
3157.5	2.86116507703355
3159.5	6.02049651675406
3161.5	4.20103677451971
3163.5	0.29330881300848
3165.5	-2.00389533754151
3167.5	8.93952185405487
3169.5	-4.0379592274021
3171.5	1.79636819464577
3173.5	-1.34872672437723
3175.5	-3.39038547186101
3177.5	2.25527329433226
3179.5	-8.44915656390276
3181.5	1.12247597523765
3183.5	-5.3729216864931
3185.5	-0.20519704625076
3187.5	-1.57415409111127
3189.5	13.1484390670503
3191.5	3.38373243761362
3193.5	1.8797348863618
3195.5	-6.75262463660783
3197.5	-3.31523408294925
3199.5	-4.10176781843893
3201.5	-2.14077206078855
3203.5	-8.31528518311643
3205.5	-5.20459299216236
3207.5	2.65593137253109
3209.5	-7.80912473151602
3211.5	-2.44777013810562
3213.5	4.42410239218771
3215.5	-5.6988074912606
3217.5	2.21325021925441
3219.5	-2.07477109691627
3221.5	-3.74697042207481
3223.5	9.41376743130513
3225.5	-6.2997140829948
3227.5	1.10712791558672
3229.5	-0.907873204687348
3231.5	4.00842435670984
3233.5	-6.94746685476184
3235.5	-3.89635421599542
3237.5	-4.55077403972427
3239.5	-2.99726755509801
3241.5	-4.15021187215007
3243.5	-0.173980684273374
3245.5	-8.14552452340286
3247.5	11.298374212307
3249.5	1.8426921483524
3251.5	-6.35443329912323
3253.5	-2.68016565238759
3255.5	4.95595924453482
3257.5	-1.01788777997717
3259.5	-2.83044939711544
3261.5	-0.43806834816678
3263.5	1.5243632362135
3265.5	-3.33019812542261
3267.5	-0.31353194536041
3269.5	-5.00696842912203
3271.5	2.24474691500018
3273.5	-4.82001443132685
3275.5	3.7542885351595
3277.5	7.18651180327015
3279.5	5.473649656612
3281.5	0.290867911754503
3283.5	-1.39026021737391
3285.5	-1.64279706501748
3287.5	3.19141002665583
3289.5	-10.5221874868121
3291.5	-5.06695484133979
3293.5	0.0605985592437719
3295.5	-1.37358724911064
3297.5	6.30570102740876
3299.5	3.66416426780052
3301.5	1.15326534828364
3303.5	-6.54816603609925
3305.5	3.38951301652196
3307.5	4.39299305302211
3309.5	-1.86472343678633
3311.5	-0.088692075725703
3313.5	0.518728087577983
3315.5	-1.44065637263066
3317.5	11.7198985915566
3319.5	5.35067897770023
3321.5	-4.98259038898232
3323.5	0.964944629337879
3325.5	-6.61337296709462
3327.5	1.89635761285444
3329.5	-4.72575153529579
3331.5	-0.724106799650144
3333.5	-6.9829286312488
3335.5	2.44279113117773
3337.5	-1.01991572634779
3339.5	7.55552938174515
3341.5	5.94632309274584
3343.5	-2.80939565862809
3345.5	7.46231272461864
3347.5	3.50161693846894
3349.5	0.829718728579792
3351.5	9.42304242587943
3353.5	-2.9571272580024
3355.5	-0.692231226248623
3357.5	-0.0204131370137475
3359.5	0.567302214560186
3361.5	6.82848693966844
3363.5	-0.00401882134337939
3365.5	-0.668245266821032
3367.5	1.64862416351389
3369.5	-2.82943139183408
3371.5	-8.43994649735032
3373.5	6.40239003146598
3375.5	-3.96483470048133
3377.5	-1.41061600939793
3379.5	4.9060219446319
3381.5	-0.178938484314131
3383.5	7.02241507696726
3385.5	-5.83964620412098
3387.5	-3.85930283911512
3389.5	-16.4458899962792
3391.5	8.08277067045219
3393.5	-2.79482174184159
3395.5	4.71440373972382
3397.5	-6.42315718684131
3399.5	-6.44262051772057
3401.5	-1.6700128954526
3403.5	-0.600964226003271
3405.5	-0.0209595817386798
3407.5	7.35220205427231
3409.5	5.51627472381369
3411.5	3.56995043199368
3413.5	-3.74489306651139
3415.5	-6.39733394329323
3417.5	10.7258086364363
3419.5	-3.85402133631487
3421.5	-11.6528896372092
3423.5	-4.38527674177021
3425.5	1.79515536157851
3427.5	-3.42967949236936
3429.5	-2.82008031733858
3431.5	3.11201913094919
3433.5	-5.58129585567076
3435.5	1.14862140003606
3437.5	-6.10263920806301
3439.5	-3.02316063299622
3441.5	3.15112065642916
3443.5	-7.85107898571368
3445.5	3.88271177136812
3447.5	-13.0320087906994
3449.5	-3.09384015166233
3451.5	-2.50028255830966
3453.5	-3.95141610163955
3455.5	-1.23220627694354
3457.5	8.40780525346054
3459.5	-3.41892990358519
3461.5	-5.07036581452758
3463.5	-9.12466120412591
3465.5	1.05893588141407
3467.5	4.87866248823593
3469.5	-7.28737080575502
3471.5	0.448189196070416
3473.5	0.645038708511493
3475.5	6.69097981476807
3477.5	-3.33964549157099
3479.5	-2.22689217017887
3481.5	10.2004042391636
3483.5	8.27551174986274
3485.5	-2.95032220200301
3487.5	2.77220655550354
3489.5	0.684960049323308
3491.5	1.89349599342131
3493.5	-6.8941733429574
3495.5	4.44981420251042
3497.5	1.24033733542001
3499.5	0.119094731709993
3501.5	6.03368851984305
3503.5	6.34540895637929
3505.5	-1.47729019310827
3507.5	5.17406131045755
3509.5	-8.51911364510033
3511.5	-2.16884097062211
3513.5	-1.61011076939121
3515.5	-4.19508759809196
3517.5	0.830994089138585
3519.5	8.61150610820368
3521.5	-1.5504827053901
3523.5	7.15900557040004
3525.5	0.518099852302839
3527.5	-7.84650038439395
3529.5	3.13658966855564
3531.5	2.76718116508619
3533.5	-1.62145536804019
3535.5	-7.31856169915773
3537.5	0.469944923740513
3539.5	-6.40836663787923
3541.5	6.84081155364856
3543.5	2.95254355095949
3545.5	-4.45035830336292
3547.5	2.01926209106659
3549.5	1.33091660881473
3551.5	7.79520422265068
3553.5	0.774370501809244
3555.5	-4.14691197132834
3557.5	-1.41821972903199
3559.5	11.8426846476086
3561.5	-6.83013031493283
3563.5	5.68844499434363
3565.5	1.97158966111874
3567.5	-3.01872082851332
3569.5	-3.36383899255361
3571.5	-5.79663092651754
3573.5	-8.42516522485585
3575.5	3.09430975024134
3577.5	-5.87510646132978
3579.5	-0.988945111424982
3581.5	7.54801118704836
3583.5	-3.09255450539149
3585.5	0.812144637242454
3587.5	-3.20093512196308
3589.5	-10.5527517467135
3591.5	-12.839627271961
3593.5	-1.25135969400162
3595.5	-1.69942499339322
3597.5	-3.26843744933649
3599.5	0.587405314244279
3601.5	-5.86162350430641
3603.5	6.88895221628172
3605.5	-2.07474568990801
3607.5	-6.36888860476665
3609.5	1.1522197320146
