1.5	11.3234571561234
3.5	-2.54756573149461
5.5	-3.63807500829625
7.5	-3.74602885272907
9.5	-2.20304474723071
11.5	-7.14690136751688
13.5	-8.35440127950733
15.5	1.85848443417308
17.5	-1.41037207369027
19.5	-5.96226513250258
21.5	-16.4527587625735
23.5	-7.94440927371033
25.5	6.01090043078875
27.5	2.46218287252395
29.5	-7.25336832427365
31.5	0.41817479423753
33.5	-4.31611258341945
35.5	-2.3308495464762
37.5	-10.0899496907932
39.5	-2.01844617378902
41.5	-2.4814741352202
43.5	-4.24443685299593
45.5	0.14869015802924
47.5	-3.46181266410895
49.5	-9.17697773558575
51.5	0.474295632099711
53.5	-0.156611965836419
55.5	-2.86046303583498
57.5	0.721314004193118
59.5	3.55659636242672
61.5	7.03043610140048
63.5	3.39426337746136
65.5	-3.33820460689458
67.5	-8.04588375294315
69.5	5.06953164314564
71.5	-13.5605770718821
73.5	7.01938436891578
75.5	-6.92574543326828
77.5	-7.6609924229715
79.5	10.4128815740851
81.5	-1.10462691105204
83.5	7.17208805886276
85.5	-7.64901564071079
87.5	-3.83165983594881
89.5	-4.14647269538091
91.5	0.411036836753738
93.5	-5.21934726042036
95.5	-4.68012788515352
97.5	0.419051112665329
99.5	1.6823670657177
101.5	-15.8571556716088
103.5	-6.30511780824236
105.5	-9.99833549008599
107.5	-5.29647330869011
109.5	-3.90638689551906
111.5	-2.47681052461121
113.5	0.403806250255911
115.5	1.11992803318481
117.5	-5.11036579084066
119.5	-3.14819050766073
121.5	-5.35829318976539
123.5	0.417683913023211
125.5	1.08862350238815
127.5	-4.9275018389917
129.5	-0.0104469661127951
131.5	-1.91071953323171
133.5	-6.20963926584864
135.5	-3.10613025307885
137.5	3.82642959343139
139.5	-5.89869860734325
141.5	2.89718916490892
143.5	-0.999214485105767
145.5	-6.02731668294109
147.5	1.77073393990577
149.5	-7.35155184493578
151.5	-1.78680073447049
153.5	-2.90841079856273
155.5	-3.12339923028594
157.5	-5.28559362329179
159.5	1.33066712291202
161.5	-9.30010182041769
163.5	-4.89964932393468
165.5	-7.40529731004517
167.5	-1.70117329655204
169.5	2.04699776184862
171.5	2.00793656899805
173.5	7.77795002082803
175.5	1.49664139682136
177.5	0.601189588158377
179.5	2.55812551519193
181.5	-3.6686450480347
183.5	-3.37863464683051
185.5	-4.51041064995934
187.5	9.79412861117453
189.5	-2.95601117440037
191.5	-7.16411157006314
193.5	3.81414126956861
195.5	-3.00147545719574
197.5	-7.10217562688558
199.5	1.0667260772525
201.5	-6.47296740912043
203.5	-1.80198817036671
205.5	1.73365115610159
207.5	-7.23331765555668
209.5	-4.67098861600607
211.5	-0.990308830130743
213.5	-4.68198024294452
215.5	5.98233830490335
217.5	1.43453674940156
219.5	-5.81037349286362
221.5	-0.800193161843708
223.5	1.03413298238138
225.5	-2.10411657436543
227.5	-0.424346461064488
229.5	1.9392525370331
231.5	-2.41194636141063
233.5	4.60339863361332
235.5	-0.109015447275851
237.5	-1.64336490826554
239.5	-1.2291405469532
241.5	-2.75714831473942
243.5	-3.35987477664821
245.5	0.247664007947606
247.5	-6.04232370476257
249.5	1.45445484749234
251.5	12.023717166574
253.5	5.82907136607173
255.5	-1.89455345733768
257.5	2.6737887673944
259.5	-7.60728094844671
261.5	1.67859059364218
263.5	-2.75855342859813
265.5	-0.276397281500977
267.5	6.75445285989917
269.5	-5.71852244979254
271.5	4.15074021639612
273.5	1.37399606574763
275.5	1.97803673053295
277.5	9.72445144651647
279.5	-2.12311808334016
281.5	-0.821530835461999
283.5	3.36829176512765
285.5	2.35539132822032
287.5	-10.4402480567378
289.5	1.84461601900693
291.5	-2.20160754743029
293.5	-0.829736462667825
295.5	2.13017715069782
297.5	4.16424938294131
299.5	9.36487697810753
301.5	0.575437835120283
303.5	2.97188646923769
305.5	-6.48020031055876
307.5	8.16670430958038
309.5	3.05273791429772
311.5	0.910887850585823
313.5	-8.04691890023787
315.5	-3.32426622257026
317.5	-8.79002289792606
319.5	1.03508403274645
321.5	-0.152432555093583
323.5	9.58208674096113
325.5	0.674848985974677
327.5	-6.60481509540568
329.5	0.105069829024615
331.5	-1.83041249973758
333.5	-3.79687726609882
335.5	1.98080976008896
337.5	-0.204518827381435
339.5	-10.5513343109178
341.5	-1.80308437627809
343.5	10.1502036157262
345.5	0.154278733950378
347.5	0.377237355693978
349.5	1.14423261057436
351.5	-2.82365417310939
353.5	-1.12771981263359
355.5	7.38626867448966
357.5	4.40591533247516
359.5	-2.38961692885914
361.5	-9.62361295839582
363.5	0.540065907845019
365.5	1.97523812272993
367.5	-4.81187067599512
369.5	1.69426580398977
371.5	4.33895072954147
373.5	4.8517900161678
375.5	2.99307002166552
377.5	-12.1105777594048
379.5	2.72650405970762
381.5	-3.20127834501909
383.5	-3.76572544644932
385.5	2.01692454676049
387.5	-2.05135127777339
389.5	-5.92186787842184
391.5	3.78907464127951
393.5	1.18496489296831
395.5	0.112096098230722
397.5	4.66463052252857
399.5	0.728209853345106
401.5	0.648384935310787
403.5	2.19931635071134
405.5	13.8762225746559
407.5	3.11306421981317
409.5	1.14660243774324
411.5	0.365848031287896
413.5	8.92678070169131
415.5	4.78090823021557
417.5	1.50148787111266
419.5	-1.36950143407557
421.5	6.13832372870729
423.5	1.16304087532262
425.5	-4.65959272501186
427.5	-2.7778175042904
429.5	1.01219842769933
431.5	-3.65627292555564
433.5	-0.583163078340476
435.5	4.21462329355927
437.5	3.82426368022425
439.5	0.550561484616992
441.5	10.8199574849232
443.5	-2.34657257142408
445.5	10.921737990303
447.5	-3.74044842177773
449.5	-1.6727135541887
451.5	2.63223007338365
453.5	-2.88970266583328
455.5	0.431316814677302
457.5	6.18313854190637
459.5	7.64360159840635
461.5	-0.2669545447161
463.5	-3.96919486539991
465.5	-5.38072171518434
467.5	4.95967197635673
469.5	-6.63627458175597
471.5	1.85568867798338
473.5	-0.844850310888432
475.5	-0.486896515595618
477.5	5.18217821694907
479.5	-2.78004212079031
481.5	3.84493368633866
483.5	9.68059770265427
485.5	2.16852689993993
487.5	11.0674042505725
489.5	4.9385933725307
491.5	-0.226033556898074
493.5	-4.15888294563592
495.5	-0.0625056360440794
497.5	6.20352376723167
499.5	0.261213674497412
501.5	1.96386752704802
503.5	-3.32248343700212
505.5	-11.1821452869672
507.5	-3.82385839077961
509.5	2.94282208767618
511.5	0.944390074052535
513.5	2.72395328361199
515.5	-2.7525024328861
517.5	3.12748226001622
519.5	1.48883385766112
521.5	0.582702053590765
523.5	0.243340807554887
525.5	2.27428881249216
527.5	-3.02458225863029
529.5	-10.5395833838347
531.5	3.21564716733701
533.5	-2.20114411659506
535.5	5.9962898378717
537.5	4.68191633582046
539.5	8.61183206461374
541.5	-0.360187753840364
543.5	5.85477901618833
545.5	-4.53539766537415
547.5	2.73320013020657
549.5	2.76115489624499
551.5	-0.161839586344286
553.5	0.25026224830799
555.5	7.04698614920744
557.5	-5.49478543817077
559.5	9.41929459141375
561.5	-5.20303360721846
563.5	8.79331646686205
565.5	2.51169032965845
567.5	-3.18456471135869
569.5	-0.44717795784436
571.5	-1.86986256992986
573.5	1.33405187696826
575.5	-0.273286585157621
577.5	-0.770800725895242
579.5	2.0573435581864
581.5	-2.10641066164317
583.5	6.93959788070606
585.5	0.804237913514044
587.5	2.76294489659722
589.5	4.88995407350831
591.5	1.09739040458862
593.5	-0.914285051945626
595.5	4.53438445964366
597.5	-9.145568360982
599.5	8.42688180957521
601.5	-0.318802413507001
603.5	-8.6951773212686
605.5	11.4664538950801
607.5	-9.5390944362116
609.5	8.59957157202098
611.5	-4.57942753344014
613.5	-3.54006744731669
615.5	-1.79392832498706
617.5	-0.61117637724692
619.5	2.53757750050136
621.5	-0.614035793952098
623.5	3.45666014862127
625.5	3.20088322501033
627.5	0.0345518397343767
629.5	-0.0251483208667196
631.5	7.20083290534058
633.5	1.35807684263364
635.5	2.70411437599978
637.5	13.2452544615553
639.5	5.92855963780767
641.5	0.795128485347959
643.5	5.87292769344549
645.5	2.89219920182131
647.5	8.24251678099699
649.5	1.91842853099206
651.5	-7.37010796833056
653.5	-2.76694913943538
655.5	2.33139661966652
657.5	-1.0642933744939
659.5	-3.23799131102624
661.5	3.29604143854976
663.5	-0.395643026068683
665.5	11.2202822853242
667.5	6.27583903496452
669.5	10.9653425504393
671.5	-0.504292828567486
673.5	1.19157095724313
675.5	1.79281113788966
677.5	6.07115864455318
679.5	0.52286341362742
681.5	2.57492671207547
683.5	3.21855088432949
685.5	1.81945576278849
687.5	6.99535732057393
689.5	11.4210270483027
691.5	3.36581036031566
693.5	13.0352708081173
695.5	2.16259213464491
697.5	7.06733129370423
699.5	3.87736398116886
701.5	-4.44587082667931
703.5	-2.15425267828778
705.5	8.87289014977796
707.5	-3.42980294804966
709.5	4.96964863863286
711.5	2.49688341098681
713.5	5.22891733784309
715.5	5.30693145898749
717.5	-0.22831667418086
719.5	-0.243369181283015
721.5	3.92123634026939
723.5	0.491730173175711
725.5	1.41151246937534
727.5	-0.808347417221739
729.5	1.3882365816944
731.5	0.590023231761734
733.5	-0.658304480811239
735.5	7.5669688940261
737.5	0.923318883691536
739.5	-3.36334700175576
741.5	3.60811627474959
743.5	-3.70602547770977
745.5	5.23226534607966
747.5	-5.54324237478977
749.5	-4.67746584029101
751.5	10.3567167401789
753.5	1.96113669954411
755.5	-6.43093347911417
757.5	18.4158948138738
759.5	-11.3406430849045
761.5	0.334626769459646
763.5	1.64272409109526
765.5	-4.91929950157646
767.5	3.64090518151625
769.5	9.04070609560495
771.5	16.0065304771833
773.5	1.67132145344476
775.5	2.07846053289813
777.5	12.1607841754021
779.5	3.33588156259248
781.5	4.77704900665776
783.5	-0.538210964026803
785.5	6.25302384337738
787.5	2.40477139525228
789.5	-0.977488944628021
791.5	-0.686478069155783
793.5	4.03576366329071
795.5	-1.6786173335995
797.5	2.78016076903259
799.5	13.334669664916
801.5	5.2106643629495
803.5	0.457948397167456
805.5	5.75551062273553
807.5	4.95634389356474
809.5	9.96569310425639
811.5	6.59564209927248
813.5	2.56674808581101
815.5	2.89969132208262
817.5	2.06959283846845
819.5	4.65607152297707
821.5	-5.79253776968289
823.5	5.30404598938458
825.5	8.44529654398411
827.5	-0.3288377864219
829.5	5.61693949420533
831.5	-2.93392731758013
833.5	9.72778914253922
835.5	4.96815839587816
837.5	18.5475820422689
839.5	3.13725741998587
841.5	1.80490537151854
843.5	-4.86477787859803
845.5	2.81760037122422
847.5	0.867758734709241
849.5	7.44880579855999
851.5	-0.995715747498252
853.5	-2.14904847163325
855.5	11.5143421004141
857.5	5.14181710385765
859.5	4.12115674159213
861.5	8.58780332942024
863.5	0.609941909017834
865.5	11.7761883916701
867.5	5.37837707153176
869.5	8.7626447742341
871.5	-2.75750238181445
873.5	15.7638394074302
875.5	7.83599751652855
877.5	-0.761615296737546
879.5	3.71072790871858
881.5	-2.87705909035685
883.5	15.039525480277
885.5	3.11268874527923
887.5	4.57382492593388
889.5	-0.51115187549658
891.5	0.240155206567579
893.5	0.689593497251735
895.5	14.2310848813431
897.5	5.234567916993
899.5	1.80014073305119
901.5	6.25326463730289
903.5	12.8896389708007
905.5	10.7787309644409
907.5	-4.21915784353587
909.5	1.54739998460173
911.5	5.82793369508181
913.5	0.578885481552788
915.5	8.08569637907658
917.5	4.90216290031003
919.5	6.9106687782305
921.5	9.07373917102996
923.5	9.77982477102796
925.5	3.74643410683802
927.5	3.54194125125287
929.5	6.04157943920563
931.5	7.47324207675683
933.5	7.81640925253851
935.5	1.19029479774599
937.5	-0.32433374971788
939.5	9.36132655308938
941.5	5.60612254183616
943.5	-1.80350337750497
945.5	15.2526254258701
947.5	6.58681190799689
949.5	-12.4323363355716
951.5	11.2515674992319
953.5	10.0441941578229
955.5	11.0530379219745
957.5	5.64064300643076
959.5	-1.53142786313038
961.5	2.60603942226862
963.5	1.83654843525255
965.5	-2.44337016486497
967.5	6.77292663858134
969.5	3.40457392432927
971.5	9.04614714163472
973.5	4.89622558461269
975.5	9.71893080815425
977.5	9.61553714673937
979.5	-7.57923885086439
981.5	6.82435936354432
983.5	4.33935989631846
985.5	4.55263604523952
987.5	4.35633578492161
989.5	4.19562188027976
991.5	3.45627203489039
993.5	8.5468367319254
995.5	3.7023494050145
997.5	1.91667463737213
999.5	4.09175323436739
1001.5	-5.36807512296491
1003.5	11.1950250798818
1005.5	11.3271821181115
1007.5	0.416292227414488
1009.5	0.0325510992997806
1011.5	1.9639443710721
1013.5	2.06769186733891
1015.5	5.89359663155847
1017.5	-5.83480191177296
1019.5	1.72236294023241
1021.5	-0.458609592982612
1023.5	4.43352853964734
1025.5	9.20614534073138
1027.5	-3.06719394950505
1029.5	5.56048808477317
1031.5	2.15947481667354
1033.5	-2.12473608224809
1035.5	3.0540746697834
1037.5	6.84761774533581
1039.5	-6.50632340176526
1041.5	0.949985196176385
1043.5	-1.06803083797149
1045.5	12.303471420827
1047.5	4.16749947946846
1049.5	4.2066013809299
1051.5	0.686900413390504
1053.5	4.44528775172057
1055.5	-0.62427002586719
1057.5	-0.771167675106881
1059.5	5.36772994355943
1061.5	10.0650443519644
1063.5	12.2344332324092
1065.5	6.1845907000843
1067.5	9.83033577262177
1069.5	5.57109581577879
1071.5	4.9364186429093
1073.5	9.35272992958835
1075.5	7.13248587893577
1077.5	2.33345997097331
1079.5	7.2989210316855
1081.5	3.01762749909267
1083.5	5.89462727293994
1085.5	8.9738425934429
1087.5	3.27610774533514
1089.5	9.77939748957488
1091.5	3.51887033465027
1093.5	7.65018197820518
1095.5	8.09316415505145
1097.5	4.97356740272608
1099.5	13.0021959508276
1101.5	6.96201160030978
1103.5	7.16881790082152
1105.5	1.9872642036762
1107.5	0.819000585567665
1109.5	0.828272713507431
1111.5	6.67068607730835
1113.5	2.98585646831998
1115.5	4.3394487960295
1117.5	0.678892339273261
1119.5	6.34890007440663
1121.5	3.21045491197492
1123.5	3.10727753612355
1125.5	14.0405240294303
1127.5	1.95479212753344
1129.5	9.47815276521487
1131.5	14.2436214232639
1133.5	8.86400334490008
1135.5	12.0448332945862
1137.5	6.65970640024625
1139.5	3.56016054034717
1141.5	4.70690035222924
1143.5	4.18561585971293
1145.5	-1.91686472663787
1147.5	-1.80858707967036
1149.5	12.553125333422
1151.5	3.69450416356176
1153.5	3.01978701152075
1155.5	6.92711848523959
1157.5	3.17194006263799
1159.5	8.60302064770804
1161.5	8.09841148120086
1163.5	14.0172192575128
1165.5	1.80511816335184
1167.5	-2.75990178215307
1169.5	1.63057267283693
1171.5	1.23850127243077
1173.5	6.86940605648215
1175.5	3.82223810423329
1177.5	5.81374384325227
1179.5	4.2093780575251
1181.5	19.4057656251516
1183.5	5.78187867737324
1185.5	12.1667852363353
1187.5	10.0032267352844
1189.5	12.8397898086932
1191.5	10.0218668548987
1193.5	5.14741344743925
1195.5	5.00785881325828
1197.5	4.70280216395895
1199.5	5.80971552811025
1201.5	5.45216779467501
1203.5	2.59965226258191
1205.5	5.31078549100675
1207.5	9.54625533696981
1209.5	9.48903858914036
1211.5	13.6803944982503
1213.5	10.8607183339573
1215.5	5.28935432104936
1217.5	9.93981881053332
1219.5	10.2270452659277
1221.5	7.2701881001758
1223.5	11.1169549612005
1225.5	6.15975105895177
1227.5	5.95292980017166
1229.5	11.7077971517811
1231.5	-8.57944042444433
1233.5	5.28644919934777
1235.5	7.5897383604879
1237.5	10.9134025586573
1239.5	13.2934000596715
1241.5	-0.767108164981437
1243.5	10.8503677294038
1245.5	7.99418318020435
1247.5	3.87507334608927
1249.5	7.21989265978755
1251.5	3.18987526212277
1253.5	6.6909623727779
1255.5	3.68756238951846
1257.5	6.04406762110102
1259.5	2.58521525807555
1261.5	2.90174148418009
1263.5	4.35117875664673
1265.5	4.17441455694734
1267.5	13.8080630193463
1269.5	3.71862767927087
1271.5	8.1845037752355
1273.5	-0.411616236399823
1275.5	7.6735648085687
1277.5	9.53284200711732
1279.5	14.3745263773471
1281.5	3.59229937642795
1283.5	5.51564863515523
1285.5	8.69843577470601
1287.5	3.66613462878558
1289.5	10.1387468603989
1291.5	8.72689192845519
1293.5	10.0784743999702
1295.5	8.96700935074659
1297.5	1.32364938965566
1299.5	12.5624712325271
1301.5	4.90861789435075
1303.5	11.0937816010755
1305.5	3.86516782527633
1307.5	14.1550107854973
1309.5	9.54456664449754
1311.5	12.6529147326801
1313.5	13.6430212423274
1315.5	10.8063593778479
1317.5	7.25947958979759
1319.5	2.91932462468958
1321.5	9.68510198309377
1323.5	11.7753878789717
1325.5	-1.01972442726219
1327.5	7.31629604887348
1329.5	6.90892617604641
1331.5	4.36396856489046
1333.5	13.1991396250714
1335.5	10.9925226474752
1337.5	9.438284290517
1339.5	8.65225092299352
1341.5	4.05349303291132
1343.5	5.00251658077377
1345.5	11.0887615207239
1347.5	9.29965391812402
1349.5	3.79851146193687
1351.5	5.75561830118204
1353.5	16.4348560185254
1355.5	12.5628048128765
1357.5	9.72919916864248
1359.5	0.578400811672509
1361.5	6.38929808628109
1363.5	11.1181185828036
1365.5	0.25081414358101
1367.5	10.8421300161781
1369.5	6.62599713430336
1371.5	8.47377187228085
1373.5	10.8254915574844
1375.5	5.49223859547692
1377.5	16.593816564101
1379.5	20.7218857622884
1381.5	15.4982735682051
1383.5	13.1116959974606
1385.5	6.23780842454016
1387.5	9.43021897760354
1389.5	12.8557102580789
1391.5	7.87966567091735
1393.5	5.22550130129821
1395.5	10.1606768854745
1397.5	8.33860089957761
1399.5	10.9990178292137
1401.5	7.71930162145236
1403.5	1.93708485633397
1405.5	3.4329936293334
1407.5	2.80852419400344
1409.5	10.7179192373624
1411.5	11.0463307904183
1413.5	5.17078230325478
1415.5	5.91748723853016
1417.5	7.66359399042449
1419.5	3.17024313358343
1421.5	13.7611035786877
1423.5	14.4618909785358
1425.5	16.4836865742236
1427.5	1.41679871425185
1429.5	2.9842637604097
1431.5	19.4998590825999
1433.5	5.92359812214545
1435.5	0.869750900604231
1437.5	3.59445180082821
1439.5	18.0977514258766
1441.5	4.08031699957337
1443.5	12.9341825541287
1445.5	0.151245506673149
1447.5	10.1579828967897
1449.5	2.90987690664861
1451.5	13.7993438313824
1453.5	15.2130714263012
1455.5	11.1718765784826
1457.5	10.3439944767915
1459.5	4.91680566931518
1461.5	14.6975307983521
1463.5	1.92040210288997
1465.5	10.2379647338003
1467.5	9.11197552701924
1469.5	8.96522306273528
1471.5	4.31879995337931
1473.5	7.10061748142653
1475.5	7.07228093347931
1477.5	1.80897158000789
1479.5	11.1119494903605
1481.5	4.76778064474547
1483.5	7.40276515412097
1485.5	4.7334111662276
1487.5	12.4292099406593
1489.5	9.65553513648319
1491.5	4.01690258125927
1493.5	8.58842622420889
1495.5	2.41283240182929
1497.5	10.9134707376288
1499.5	8.30139852479897
1501.5	13.9592772811993
1503.5	11.3926763560539
1505.5	7.65661753996301
1507.5	9.97913424648686
1509.5	8.17530484195049
1511.5	3.86659252748541
1513.5	17.6119136022007
1515.5	9.04455653125569
1517.5	10.6126276025161
1519.5	1.5783563561281
1521.5	12.3196412763282
1523.5	10.4148547641407
1525.5	16.4378841449234
1527.5	13.4552586472901
1529.5	1.20309064063258
1531.5	9.18050969930937
1533.5	15.089085491737
1535.5	7.10380429149609
1537.5	4.36370812824771
1539.5	7.72911607082824
1541.5	6.42258018450229
1543.5	7.22466359653572
1545.5	0.427920420727787
1547.5	6.23716659285583
1549.5	14.9727078080814
1551.5	2.16285344354037
1553.5	11.0990218049155
1555.5	16.1753692846978
1557.5	11.7269783227102
1559.5	5.65418864864205
1561.5	4.31572446259634
1563.5	10.0335785215693
1565.5	13.1716498318501
1567.5	4.25726688685972
1569.5	5.45551672956572
1571.5	12.1007302163571
1573.5	7.06348266594432
1575.5	12.892097318555
1577.5	0.50071996720817
1579.5	9.0821164732879
1581.5	13.1082592877483
1583.5	7.92110569961551
1585.5	16.5292146303782
1587.5	7.53049902290331
1589.5	15.5179675436311
1591.5	14.1079724971669
1593.5	17.1699672260938
1595.5	12.0932209425819
1597.5	5.13164204812892
1599.5	8.1812635736369
1601.5	12.834705448664
1603.5	6.36596171248493
1605.5	14.1352728068896
1607.5	6.4497776687931
1609.5	15.9385383102208
1611.5	7.89297031223578
1613.5	22.8319803778077
1615.5	7.93417592672813
1617.5	14.3375148425876
1619.5	12.5795639024118
1621.5	19.6839724946376
1623.5	2.19525330304532
1625.5	14.1900816860934
1627.5	9.10798984469329
1629.5	14.2904170942884
1631.5	9.83857610200721
1633.5	3.06511138301903
1635.5	8.74740268689584
1637.5	4.71946169790772
1639.5	16.9991868632169
1641.5	10.3832130566934
1643.5	11.3614803827468
1645.5	17.7867572092609
1647.5	8.39457757477339
1649.5	6.98664091533738
1651.5	10.7346008605064
1653.5	4.41963976212901
1655.5	11.6648585748662
1657.5	9.09330971198415
1659.5	9.44759060827619
1661.5	2.70891756708806
1663.5	7.15261738599929
1665.5	14.9918722659841
1667.5	9.72993421339015
1669.5	5.7420757364398
1671.5	5.62939208545777
1673.5	14.8829083273768
1675.5	8.00895820764345
1677.5	10.2616675620466
1679.5	19.4763829107123
1681.5	6.10517305019312
1683.5	11.3473546763471
1685.5	18.4595685387667
1687.5	10.6632307760483
1689.5	11.5522898754361
1691.5	5.7438400021083
1693.5	14.8179119224533
1695.5	5.2245023533751
1697.5	12.7387973391524
1699.5	10.5025123991063
1701.5	7.47459997212172
1703.5	13.4203031050156
1705.5	17.2181449825393
1707.5	12.2885156104057
1709.5	8.51692271118918
1711.5	17.5629029348966
1713.5	3.16565143500247
1715.5	-0.487982245364037
1717.5	19.734529048369
1719.5	6.66862684751413
1721.5	12.8462864549765
1723.5	13.6661204351622
1725.5	11.569545581121
1727.5	6.47954549921451
1729.5	9.5029623005812
1731.5	9.65049740126142
1733.5	14.1460625997861
1735.5	12.463553470815
1737.5	13.7172405592755
1739.5	7.10576758275238
1741.5	6.20367986081692
1743.5	14.7312898483142
1745.5	11.3106944888996
1747.5	16.3727753014236
1749.5	7.91658411513436
1751.5	12.9794960682484
1753.5	24.7302423483388
1755.5	8.90048789112825
1757.5	6.96475023714902
1759.5	11.0967070191937
1761.5	10.612320711849
1763.5	7.5646826750035
1765.5	7.64654623229399
1767.5	3.56340427374107
1769.5	16.0936463534927
1771.5	15.742271114219
1773.5	6.89241789361404
1775.5	14.8162500303251
1777.5	11.9728154594677
1779.5	15.6161283874953
1781.5	11.8718308955868
1783.5	19.532254286918
1785.5	4.13949599584157
1787.5	14.1118976364805
1789.5	12.2640771912857
1791.5	10.9958775634923
1793.5	18.1303262785768
1795.5	12.3304113327895
1797.5	11.3292421438518
1799.5	4.30961961479716
1801.5	9.36533377542764
1803.5	14.7084434962208
1805.5	17.6366820697194
1807.5	8.92523444407561
1809.5	12.5230010531359
1811.5	11.0561146701211
1813.5	2.40228218988523
1815.5	12.7109689368262
1817.5	14.1706473455106
1819.5	14.9988195173073
1821.5	12.0004047474431
1823.5	14.0866813286493
1825.5	7.2058261272814
1827.5	7.71989207884872
1829.5	12.5418431881953
1831.5	9.38810991870469
1833.5	2.82308728348107
1835.5	2.70476619446708
1837.5	4.19350044010389
1839.5	19.6083084561415
1841.5	8.45569027594502
1843.5	7.29449996361109
1845.5	8.49031977287632
1847.5	12.2993690339672
1849.5	20.2572084908261
1851.5	19.9351003460188
1853.5	4.80404521458695
1855.5	9.88351195781888
1857.5	5.26936739641678
1859.5	9.54267389542019
1861.5	13.2995175631686
1863.5	4.46881207031402
1865.5	12.836494473936
1867.5	12.3058493202007
1869.5	10.2944553018224
1871.5	8.52509059647309
1873.5	12.1355848149287
1875.5	8.41545451640286
1877.5	9.20195994901314
1879.5	16.3885317222566
1881.5	8.93862694101335
1883.5	10.8913033125027
1885.5	12.9400245942234
1887.5	20.952821854893
1889.5	5.54811744279959
1891.5	4.85641717164981
1893.5	3.71164149876404
1895.5	8.4220311407762
1897.5	18.7826138367463
1899.5	18.8216546523518
1901.5	10.3850297753252
1903.5	10.4299552866314
1905.5	0.813369854257871
1907.5	11.1667550477896
1909.5	17.3142029520504
1911.5	14.4926234075765
1913.5	10.5627836341546
1915.5	15.3447276500001
1917.5	14.2321786116745
1919.5	12.4500219647598
1921.5	15.9664657711437
1923.5	5.03977179386129
1925.5	16.0971625147522
1927.5	8.07140741245712
1929.5	5.23935829228776
1931.5	9.88667155871281
1933.5	16.9293991991617
1935.5	11.1669049081593
1937.5	11.1140160258665
1939.5	10.0844418479055
1941.5	8.99844372842472
1943.5	2.31827366628386
1945.5	11.5303967097507
1947.5	8.92566350794732
1949.5	14.782087615451
1951.5	8.45777308756897
1953.5	9.96065420723426
1955.5	8.35178455580717
1957.5	14.3761910305393
1959.5	26.2062220146272
1961.5	16.0108771886171
1963.5	15.9824248759214
1965.5	11.6902726674452
1967.5	11.1535327601823
1969.5	7.41046757867298
1971.5	10.2953937964958
1973.5	2.38442859073712
1975.5	17.843914009024
1977.5	19.5901237951612
1979.5	24.6499084576508
1981.5	9.42324507887861
1983.5	13.7848981444677
1985.5	14.4880185699776
1987.5	10.4225351518498
1989.5	16.7171889544479
1991.5	23.1299568054219
1993.5	12.7468187295553
1995.5	10.5227538188574
1997.5	17.821169552376
1999.5	11.7438828632439
2001.5	10.0807134287625
2003.5	10.9062674783536
2005.5	2.95750261830653
2007.5	13.7066486534077
2009.5	13.9670235309704
2011.5	14.5221205818207
2013.5	17.6704905237211
2015.5	18.0174459905202
2017.5	23.3217172123414
2019.5	17.2752294676757
2021.5	10.5662550611387
2023.5	7.88062587370587
2025.5	13.316805142018
2027.5	4.95768370899896
2029.5	15.8604443834847
2031.5	11.2711275002157
2033.5	5.41215111180099
2035.5	9.44341856276787
2037.5	16.8109101955915
2039.5	9.0668268721347
2041.5	22.4325492007301
2043.5	4.83366217527328
2045.5	19.5738766591148
2047.5	9.18328999983987
2049.5	12.2471212932714
2051.5	13.4817390157586
2053.5	6.87113944641169
2055.5	13.2517090061219
2057.5	17.7063115671654
2059.5	11.0585645888223
2061.5	17.656268980405
2063.5	14.3968696823376
2065.5	15.2556916257727
2067.5	18.4608602808967
2069.5	11.957765142567
2071.5	15.8248079976647
2073.5	12.2431714956774
2075.5	17.0111549691974
2077.5	7.38755845382275
2079.5	13.7534385811332
2081.5	2.56243660048312
2083.5	15.4197673075951
2085.5	19.2706885631296
2087.5	19.5058798589644
2089.5	9.58151183094833
2091.5	26.7792493954385
2093.5	9.05632058385982
2095.5	15.1314360477927
2097.5	11.394034817863
2099.5	17.1015642349848
2101.5	14.9205686940231
2103.5	11.3028683936445
2105.5	14.692589366563
2107.5	8.48405668125724
2109.5	11.1494818765668
2111.5	14.9746514340177
2113.5	8.51008323871702
2115.5	9.67553185810539
2117.5	10.6041412656359
2119.5	9.98620431216023
2121.5	17.2604133446748
2123.5	11.5575383913201
2125.5	17.616441893324
2127.5	13.0142188149994
2129.5	12.769731720331
2131.5	7.53520441175078
2133.5	12.7290248124073
2135.5	16.8207443887432
2137.5	20.3903426961115
2139.5	16.8807598251433
2141.5	1.74896636895301
2143.5	22.1890741313118
2145.5	6.48821300068539
2147.5	17.4091299049633
2149.5	10.2745698368608
2151.5	19.6734753960909
2153.5	13.8292339740228
2155.5	24.1507727566104
2157.5	22.8687232349212
2159.5	10.4118929926444
2161.5	11.6552536891477
2163.5	16.1035124733853
2165.5	17.7504894556459
2167.5	7.7273438222619
2169.5	10.4208875538816
2171.5	14.7537717183714
2173.5	15.1429049293574
2175.5	9.34367331434441
2177.5	18.3601367456267
2179.5	15.8788893304845
2181.5	26.1893287512385
2183.5	15.7700008500715
2185.5	16.7336617583915
2187.5	5.0663386932747
2189.5	12.7615436667957
2191.5	5.89471432270966
2193.5	20.0017616461973
2195.5	12.7387222905209
2197.5	14.4834704466857
2199.5	22.4755170796989
2201.5	19.8012841555437
2203.5	16.368277457279
2205.5	10.2749875724485
2207.5	18.4560837126819
2209.5	10.6088976155515
2211.5	15.3963300886198
2213.5	22.1532414602761
2215.5	16.8206073369774
2217.5	16.9146372836913
2219.5	12.8599558149526
2221.5	13.730154798367
2223.5	14.6253925679357
2225.5	17.4224445924701
2227.5	12.440194247547
2229.5	17.1386113802255
2231.5	19.4107842520571
2233.5	15.1238025170433
2235.5	10.4899076933807
2237.5	10.3699875148886
2239.5	13.0921611405674
2241.5	10.3316203817849
2243.5	10.4361366987259
2245.5	16.5948875915965
2247.5	17.821098205367
2249.5	13.1983364953521
2251.5	10.1986211348558
2253.5	18.0570438922341
2255.5	16.8072934414695
2257.5	9.17988868892553
2259.5	13.7089842848536
2261.5	16.5074478992765
2263.5	13.4718929074588
2265.5	18.7441578897942
2267.5	13.149232082299
2269.5	10.8316352694701
2271.5	4.24155237155628
2273.5	16.6648422510189
2275.5	18.4936819011664
2277.5	4.26144124847087
2279.5	12.1768152156283
2281.5	19.0843433488853
2283.5	10.1669293581954
2285.5	17.2960016820471
2287.5	24.3089616215248
2289.5	11.5450248302304
2291.5	15.466669372945
2293.5	18.7093876294593
2295.5	11.946389075174
2297.5	16.8719655445148
2299.5	15.3005244085134
2301.5	8.21732514971154
2303.5	11.5272531240116
2305.5	24.1125405848479
2307.5	23.2821402095997
2309.5	10.4484456643659
2311.5	9.86101340351161
2313.5	16.4168003870182
2315.5	15.012184103668
2317.5	21.2537625680516
2319.5	17.3090327433501
2321.5	15.5867347831327
2323.5	9.70783165384637
2325.5	19.9529011912027
2327.5	21.2943071839309
2329.5	13.3251168118786
2331.5	12.822089127525
2333.5	15.1770744905743
2335.5	13.4952307173853
2337.5	19.6084079208767
2339.5	15.1238829074427
2341.5	14.9421417867679
2343.5	21.9742283038895
2345.5	12.0250977932537
2347.5	20.5726949218706
2349.5	12.2905125127527
2351.5	9.28072810776393
2353.5	14.1152532391188
2355.5	14.8922994085324
2357.5	14.4316328244813
2359.5	17.3660954830575
2361.5	14.1569313464088
2363.5	16.8662848956847
2365.5	17.1044128232188
2367.5	7.64348068584241
2369.5	18.9191171882057
2371.5	17.751038970704
2373.5	3.75405931534351
2375.5	24.7731057788305
2377.5	24.1424324087102
2379.5	12.5438548178963
2381.5	7.73436714622858
2383.5	36.6545458941473
2385.5	19.1308244223619
2387.5	16.3453620869068
2389.5	16.3911883588235
2391.5	14.5088948645616
2393.5	24.7131809789244
2395.5	12.2393985028475
2397.5	23.8116828565244
2399.5	18.9359228836656
2401.5	23.3817399709196
2403.5	22.4151122847843
2405.5	10.9500254390568
2407.5	13.4181478333348
2409.5	19.6403855222225
2411.5	23.3324703547241
2413.5	9.00688575178174
2415.5	20.7144296228935
2417.5	16.3665269671601
2419.5	25.6403973185334
2421.5	12.871813333496
2423.5	15.9469519019067
2425.5	18.2761930618071
2427.5	20.2431439289603
2429.5	12.1201890168031
2431.5	1.20373657307027
2433.5	16.40902133911
2435.5	7.84059411983162
2437.5	17.2388614326373
2439.5	13.7576242082878
2441.5	23.6362970679547
2443.5	13.6828732062168
2445.5	15.9624566714892
2447.5	16.897016268058
2449.5	21.0236263677543
2451.5	19.0934785271647
2453.5	23.0177735436228
2455.5	17.8173903302477
2457.5	23.649428339605
2459.5	25.3017724908386
2461.5	17.2354061522628
2463.5	8.84945297965351
2465.5	14.1885260189265
2467.5	8.55774029528129
2469.5	20.475839669698
2471.5	18.2254985393583
2473.5	16.2120107518131
2475.5	17.7096612921905
2477.5	15.612146154017
2479.5	17.7122156903506
2481.5	14.7797397334916
2483.5	21.8351728838106
2485.5	17.1477150238725
2487.5	27.2095165181927
2489.5	17.6235083527708
2491.5	19.1827829501481
2493.5	10.6433934472179
2495.5	14.2456846000823
2497.5	9.19656196041706
2499.5	15.2122106050056
2501.5	26.0305205250224
2503.5	21.0688607546217
2505.5	24.2545502320445
2507.5	24.3510874294616
2509.5	15.6708962062539
2511.5	11.4225855978502
2513.5	14.1494670778002
2515.5	16.8625318057657
2517.5	11.5720507238048
2519.5	9.88732352949955
2521.5	6.87206328316097
2523.5	20.2397720930912
2525.5	20.5396837249809
2527.5	15.7551953673265
2529.5	16.4327355153755
2531.5	21.748468637581
2533.5	23.9565559665807
2535.5	5.28748078505942
2537.5	23.0613117506409
2539.5	17.6904172863597
2541.5	15.1498959676464
2543.5	23.684053708268
2545.5	13.2462294809438
2547.5	22.8800082285543
2549.5	10.8343220345623
2551.5	17.6851979540552
2553.5	10.8530884206884
2555.5	11.6086577881651
2557.5	10.4670566077957
2559.5	17.9943942044192
2561.5	15.9898893849368
2563.5	11.5702711928343
2565.5	10.8169376342676
2567.5	14.5464627323408
2569.5	14.3998948072976
2571.5	15.6511677041053
2573.5	14.2986349357761
2575.5	16.6861827241246
2577.5	13.9585914128666
2579.5	12.5259347339852
2581.5	15.129955308118
2583.5	14.2736161471148
2585.5	14.5192677815439
2587.5	15.0127845363886
2589.5	13.9387401267913
2591.5	8.82023622866291
2593.5	13.089234912467
2595.5	19.2474750043057
2597.5	12.4293842673751
2599.5	20.1025165740821
2601.5	16.4501032508451
2603.5	18.2361974196565
2605.5	15.1602542402225
2607.5	22.3327747993599
2609.5	20.8190014887377
2611.5	11.7085378826614
2613.5	20.5671895116875
2615.5	19.1667157775728
2617.5	23.8597138990744
2619.5	7.12796539492047
2621.5	19.2884678047394
2623.5	15.1852904249072
2625.5	17.1733141749455
2627.5	16.3829139361114
2629.5	21.1962805045041
2631.5	21.827970983145
2633.5	15.3797259276189
2635.5	18.5817970593971
2637.5	22.1495186590228
2639.5	14.1605713211147
2641.5	17.9353021907091
2643.5	10.9273914302685
2645.5	24.4630644331528
2647.5	16.1910040285775
2649.5	18.6181378744732
2651.5	7.68792461060184
2653.5	21.7393341916322
2655.5	14.3671839683257
2657.5	17.9369441648705
2659.5	14.9449482405134
2661.5	18.2506695814573
2663.5	16.1777186197987
2665.5	24.4024593849563
2667.5	11.3991280814207
2669.5	15.9724597565
2671.5	25.2960171936857
2673.5	15.7807364366263
2675.5	30.3040243852356
2677.5	18.8360590845123
2679.5	16.9099394565546
2681.5	20.3131945770419
2683.5	23.8630151635898
2685.5	12.5914591992696
2687.5	22.5955126578983
2689.5	22.03873213722
2691.5	18.3873594079651
2693.5	24.043469682777
2695.5	10.2266633405407
2697.5	11.1337207845563
2699.5	14.1305651345338
2701.5	19.877105462785
2703.5	22.6656651765443
2705.5	15.4185594121291
2707.5	15.114020104369
2709.5	18.0433312552614
2711.5	22.0976024012871
2713.5	21.4136275181254
2715.5	13.3731545215442
2717.5	2.80615458399734
2719.5	15.3107175609239
2721.5	16.2274725366897
2723.5	13.7920044699003
2725.5	19.2899966622917
2727.5	19.2670363011293
2729.5	18.4478093892139
2731.5	20.1640235631903
2733.5	17.3243046924817
2735.5	19.1420577733252
2737.5	21.1230061098413
2739.5	14.5545586016506
2741.5	20.7545390793975
2743.5	17.9358621520387
2745.5	20.8087209480354
2747.5	23.6057477811883
2749.5	17.8913173018609
2751.5	15.9768311656344
2753.5	15.0171575751001
2755.5	20.3778200234665
2757.5	12.0196870760838
2759.5	14.8208059169947
2761.5	18.8241764701634
2763.5	25.6239726909571
2765.5	30.1168961731673
2767.5	19.082767680602
2769.5	19.7415694842184
2771.5	19.2949713662747
2773.5	17.0498617312314
2775.5	8.05688079215633
2777.5	16.416629674156
2779.5	25.4424763582065
2781.5	23.5162619273906
2783.5	19.0764696981296
2785.5	16.5576656193753
2787.5	23.3116481508569
2789.5	13.9119948590496
2791.5	14.9670644080843
2793.5	15.3840695893996
2795.5	24.0595622505816
2797.5	17.0775774266049
2799.5	11.7627253792007
2801.5	16.6258634414862
2803.5	20.4100504632379
2805.5	25.630807526416
2807.5	17.0856164977458
2809.5	20.9962923306075
2811.5	13.2594506405658
2813.5	19.956831059616
2815.5	25.2186458937977
2817.5	9.66952709384987
2819.5	31.7664802361078
2821.5	18.1300756337541
2823.5	22.5016131903403
2825.5	21.200392987731
2827.5	18.092580584178
2829.5	21.377491287989
2831.5	26.5494767926084
2833.5	21.5343336578135
2835.5	16.671822777912
2837.5	9.96485139098331
2839.5	21.9416254761327
2841.5	11.282801498548
2843.5	29.6918508342396
2845.5	20.7666526830799
2847.5	11.0303675496398
2849.5	10.5221527560107
2851.5	13.3775830977866
2853.5	12.8087981911522
2855.5	22.0167503452776
2857.5	18.5700753662977
2859.5	22.0579439199837
2861.5	24.620324980232
2863.5	29.305989414016
2865.5	24.8597395767138
2867.5	12.4441583117859
2869.5	24.5485633955841
2871.5	24.2489913150621
2873.5	11.2246497048454
2875.5	15.0240097321475
2877.5	18.5414563113618
2879.5	19.9778327625463
2881.5	20.1826163485057
2883.5	16.3727572651442
2885.5	15.0257045102499
2887.5	18.267406121744
2889.5	22.386452172469
2891.5	22.1580094036453
2893.5	20.4621377143067
2895.5	18.880581711478
2897.5	17.2015955090546
2899.5	16.5042836345301
2901.5	19.3347330019678
2903.5	19.8222160143532
2905.5	13.9386117379163
2907.5	11.3637734847161
2909.5	19.8450575921806
2911.5	18.7072378816747
2913.5	15.9432261286329
2915.5	16.8853767778874
2917.5	17.3455565169379
2919.5	29.0565061477646
2921.5	16.9107579099218
2923.5	24.6986728070824
2925.5	19.6365573800304
2927.5	24.1283886599967
2929.5	16.8930068752588
2931.5	31.0702263793319
2933.5	14.9144709933043
2935.5	20.0693442164229
2937.5	15.4765129500511
2939.5	29.0683878061727
2941.5	20.1761927071848
2943.5	26.4637998241933
2945.5	14.9688945341177
2947.5	15.8047213641303
2949.5	24.937932376366
2951.5	9.84222719511126
2953.5	23.9521661598064
2955.5	17.2323965514752
2957.5	18.5251534433355
2959.5	24.1704630602153
2961.5	22.0896486279016
2963.5	18.3056276628386
2965.5	16.9472691233677
2967.5	31.8331303214936
2969.5	22.4514367010233
2971.5	15.4526007142022
2973.5	17.7292253568912
2975.5	13.5686352586126
2977.5	12.3247235156932
2979.5	22.5423724206503
2981.5	18.7509149543403
2983.5	26.5073603685132
2985.5	18.1164315726064
2987.5	20.4394540350813
2989.5	16.3358733017021
2991.5	27.5862724564004
2993.5	20.4063954875228
2995.5	17.2603891032823
2997.5	25.5736870038254
2999.5	26.2876419234572
3001.5	14.2367974272784
3003.5	22.7460180172384
3005.5	21.6502599601254
3007.5	14.7884587182953
3009.5	16.8056884609641
3011.5	15.080963901758
3013.5	11.1596699859329
3015.5	21.154992014368
3017.5	6.5316369044931
3019.5	16.8883123212745
3021.5	16.4444286957341
3023.5	23.4873346010863
3025.5	25.7061381445374
3027.5	18.2117021120976
3029.5	25.0944769106827
3031.5	18.2242291668699
3033.5	22.8059499364135
3035.5	23.8227931031561
3037.5	8.76396166925133
3039.5	17.2175514170885
3041.5	20.581806549766
3043.5	25.4333472203198
3045.5	23.3376123789194
3047.5	21.9639357506176
3049.5	24.2651300093103
3051.5	27.1269578224901
3053.5	22.4199910884709
3055.5	22.8897539550589
3057.5	14.9887360635312
3059.5	18.3257935387555
3061.5	22.4309793794091
3063.5	19.0760352292264
3065.5	22.4761155543611
3067.5	12.7523483437062
3069.5	14.9266155399073
3071.5	26.6615989909742
3073.5	27.6217811210527
3075.5	24.1456352975019
3077.5	16.3449006942146
3079.5	14.829053691813
3081.5	29.6449233493495
3083.5	16.4825678771886
3085.5	26.0196674242688
3087.5	23.2212738912303
3089.5	22.5439590237183
3091.5	14.2704622561705
3093.5	14.5993788705928
3095.5	15.0339311790167
3097.5	22.389472444047
3099.5	11.3254243274914
3101.5	18.597123940639
3103.5	20.7963903577138
3105.5	20.4142106609424
3107.5	26.9828743437347
3109.5	29.0679347013165
3111.5	24.0919641021765
3113.5	29.6737221233507
3115.5	23.0624873253691
3117.5	24.2373607905693
3119.5	15.6681600974616
3121.5	17.846894205667
3123.5	20.4296751677275
3125.5	26.1109639247052
3127.5	18.5247787384151
3129.5	16.9265444305565
3131.5	29.7183523944532
3133.5	25.2824855212448
3135.5	18.5338327337258
3137.5	14.6388617018756
3139.5	22.4152164982424
3141.5	24.4846107702379
3143.5	26.2094392793015
3145.5	28.771887782731
3147.5	22.8554049900013
3149.5	14.289681501833
3151.5	25.2712794811223
3153.5	26.6308272626984
3155.5	22.8408692100829
3157.5	20.2783922908957
3159.5	22.350630013394
3161.5	22.9384457220413
3163.5	25.1458797425139
3165.5	27.1905096654746
3167.5	17.1607857387089
3169.5	26.540912742953
3171.5	20.9272932040603
3173.5	17.8470876101983
3175.5	21.7006481015069
3177.5	13.2781024109463
3179.5	24.7243568171098
3181.5	14.5980350947957
3183.5	23.1527877708095
3185.5	21.9765076373606
3187.5	21.7424439035758
3189.5	25.2321227610482
3191.5	25.1113893180964
3193.5	22.6610544243022
3195.5	22.8945847710447
3197.5	22.7196615062257
3199.5	17.4219198168739
3201.5	26.7097662270444
3203.5	13.9850706520765
3205.5	19.1422125731697
3207.5	27.7693067819182
3209.5	18.585790741352
3211.5	21.0619292773517
3213.5	20.3616593749075
3215.5	17.2392784326876
3217.5	19.2597657006354
3219.5	23.3406567891661
3221.5	30.9184259054455
3223.5	19.7190945079819
3225.5	16.0687850562836
3227.5	23.1824823748675
3229.5	21.0137565756031
3231.5	16.0937326968442
3233.5	25.8927353981826
3235.5	23.5063679230061
3237.5	13.6018433821046
3239.5	22.4110694622759
3241.5	24.0364239634573
3243.5	31.5713325656325
3245.5	18.9479012931233
3247.5	22.9245489022724
3249.5	15.9236949129781
3251.5	14.2015140162184
3253.5	19.1416422856882
3255.5	29.3618731866782
3257.5	24.7628698559365
3259.5	23.18073848724
3261.5	27.8220893570024
3263.5	18.6922488835298
3265.5	22.8018792812563
3267.5	13.481352766591
3269.5	29.8769142106612
3271.5	24.4713419028831
3273.5	19.4799195605574
3275.5	24.6836882062062
3277.5	23.6400415867265
3279.5	18.0595855452884
3281.5	22.0854995883201
3283.5	15.6128632591144
3285.5	24.8467736536113
3287.5	21.6394066909806
3289.5	19.9408936421232
3291.5	25.7121256129212
3293.5	29.0367323858554
3295.5	22.2237710752615
3297.5	33.6345070486368
3299.5	36.4741989492059
3301.5	25.3005912165709
3303.5	23.4376613508457
3305.5	16.0267079344576
3307.5	25.4957349768947
3309.5	21.0876467099497
3311.5	21.1415996347978
3313.5	19.38148254723
3315.5	22.0940979513307
3317.5	19.6586427201573
3319.5	24.0437226681315
3321.5	14.6008018875991
3323.5	26.6251899326453
3325.5	20.9633813638375
3327.5	29.4146392524544
3329.5	28.8304813102895
3331.5	20.6066023367039
3333.5	18.7966842865262
3335.5	26.9929032031623
3337.5	14.3953386233106
3339.5	17.9074035643134
3341.5	26.4630740865023
3343.5	19.1299109140591
3345.5	20.930509733962
3347.5	25.2999886372863
3349.5	13.7675575617968
3351.5	27.7758967788513
3353.5	14.8798307507886
3355.5	18.2505074099126
3357.5	24.6813542694108
3359.5	24.9553270595661
3361.5	17.0650868727398
3363.5	27.0628860139541
3365.5	22.055362139361
3367.5	24.5346477726443
3369.5	18.740154898338
3371.5	21.6071637575005
3373.5	28.8275059006892
3375.5	22.4372558269197
3377.5	20.0231375665599
3379.5	23.1757036684039
3381.5	31.8858868318539
3383.5	19.3222461163277
3385.5	28.3496256037488
3387.5	29.8842073563283
3389.5	23.2279951754927
3391.5	21.7147512589499
3393.5	23.574684275909
3395.5	23.5860087559886
3397.5	18.4174613557316
3399.5	27.1695174844399
3401.5	23.6084717368904
3403.5	25.4436377237835
3405.5	27.3065347025231
3407.5	14.8793003296068
3409.5	20.2887797618496
3411.5	28.916793201849
3413.5	25.5564844371675
3415.5	19.2150179035852
3417.5	28.9029651751389
3419.5	19.0406189236983
3421.5	27.8681830290407
3423.5	18.4435973582304
3425.5	13.6758914571737
3427.5	28.1515294457349
3429.5	25.0022376001107
3431.5	22.5757813872033
3433.5	13.0113875184306
3435.5	15.288938504239
3437.5	22.7462940344285
3439.5	22.067249585004
3441.5	15.1795147685461
3443.5	22.9352676538347
3445.5	16.5198486658455
3447.5	26.9111283926877
3449.5	17.2679285621762
3451.5	21.6823957213019
3453.5	23.9644876641087
3455.5	18.2176361785623
3457.5	30.0079538258969
3459.5	19.734955079909
3461.5	24.0562906386112
3463.5	27.2091120357345
3465.5	20.0980452030499
3467.5	19.2462320594232
3469.5	14.3269255486448
3471.5	27.2418114971697
3473.5	15.2296757902777
3475.5	17.8785797469191
3477.5	15.4370712603713
3479.5	29.312096112023
3481.5	28.8207430462862
3483.5	26.8184310059532
3485.5	26.0932823642779
3487.5	16.6392100511966
3489.5	27.5824883385139
3491.5	16.5136759684347
3493.5	29.4318835551449
3495.5	27.4373539359685
3497.5	28.0227718859787
3499.5	24.5979034485235
3501.5	13.8834571735679
3503.5	14.6488191454409
3505.5	23.2186961326488
3507.5	25.1234123331114
3509.5	22.9049007413723
3511.5	19.7515264640788
3513.5	23.018885513151
3515.5	8.85199225123051
3517.5	16.1873673988939
3519.5	24.8371486256392
3521.5	27.0970961061994
3523.5	25.2080412775385
3525.5	26.3957150454089
3527.5	26.5772263452873
3529.5	30.1438856643226
3531.5	14.2848544964563
3533.5	17.3070641608456
3535.5	26.6801908729904
3537.5	22.9605517879318
3539.5	31.6970694927841
3541.5	20.8912641669176
3543.5	28.7777200845048
3545.5	17.5860785900513
3547.5	25.2070008585533
3549.5	21.4161347077379
3551.5	29.5024222308439
3553.5	19.665847945218
3555.5	15.2101028483921
3557.5	21.232760712699
3559.5	21.0714843410251
3561.5	19.9499574153797
3563.5	27.4422903362483
3565.5	16.9640194021358
3567.5	14.9656966730981
3569.5	29.5061385777035
3571.5	19.3099794077425
3573.5	16.9489956358675
3575.5	18.5106129771248
3577.5	23.2865685051065
3579.5	23.364868875954
3581.5	15.1731342288867
3583.5	16.5487820844755
3585.5	28.8541136006434
3587.5	18.1320582001181
3589.5	18.2281431472747
3591.5	24.4061974150873
3593.5	26.8324402244361
3595.5	15.9092615690897
3597.5	19.3610708542683
3599.5	27.8167530983283
3601.5	21.0672925596637
3603.5	27.9090442247698
3605.5	19.9340876528213
3607.5	16.7039612146409
3609.5	25.2855262204766
