1.5	-0.314563704451757
3.5	-13.556168715264
5.5	-6.11088347529676
7.5	-4.9777624010203
9.5	-9.40144386330758
11.5	-1.80900226678295
13.5	3.29571655478321
15.5	1.14896108713583
17.5	-12.4460459078073
19.5	-0.341651706557968
21.5	-9.39696435408132
23.5	-7.85053818650704
25.5	4.85665526203502
27.5	-3.81772549015204
29.5	1.60125986209096
31.5	-7.72931045409405
33.5	4.49855767100235
35.5	0.403839338116995
37.5	-3.09051860122781
39.5	-7.26679131766923
41.5	-3.31658484151922
43.5	-5.0018359853666
45.5	-9.07667686085915
47.5	1.00028258806742
49.5	-5.4184037278801
51.5	1.60742868138186
53.5	-7.61371464116837
55.5	6.52317754490468
57.5	-10.6398678804335
59.5	-11.3077628028877
61.5	1.27431282200723
63.5	-4.42587024221302
65.5	4.45642454355493
67.5	-12.5389316389528
69.5	-2.46812710038284
71.5	-5.09294095755831
73.5	-2.42919437575165
75.5	1.0387908511475
77.5	3.60236238202924
79.5	-2.60960295174755
81.5	-2.40222117941539
83.5	0.604565405799804
85.5	1.56636461686958
87.5	-5.883392528277
89.5	-7.04152212740519
91.5	-2.67883305499163
93.5	-1.06231924712938
95.5	4.19073077038502
97.5	-5.47093321404373
99.5	0.437422416127447
101.5	-0.0635079362273245
103.5	0.678696309988482
105.5	0.738686810450417
107.5	0.473372341379218
109.5	3.80024699207479
111.5	-1.81535028290273
113.5	-14.8241241060769
115.5	1.80365312562299
117.5	2.69870146752692
119.5	-7.55693024160701
121.5	-7.41554581290075
123.5	-2.55624914085183
125.5	-6.33262586924502
127.5	-1.42996926880642
129.5	-5.62111898228159
131.5	-5.30108197566187
133.5	-3.34027628954209
135.5	-7.11777811309094
137.5	-7.658124559317
139.5	-1.1300545632057
141.5	-11.5435893604144
143.5	0.101790908077419
145.5	-0.620673350354082
147.5	-2.80869202962913
149.5	-10.6046946000461
151.5	2.57150931003252
153.5	3.53097046711446
155.5	-0.750673043952702
157.5	5.2857593018507
159.5	-15.0478255082417
161.5	-17.1110724975006
163.5	-5.56441264420573
165.5	-3.30645666879263
167.5	-9.07911550809695
169.5	-3.35285482347172
171.5	-7.32205937510935
173.5	3.39982760927614
175.5	-5.75188728729881
177.5	-0.974050689850628
179.5	-9.00689826161943
181.5	-0.0284245247175932
183.5	0.6526814534609
185.5	2.55545724081185
187.5	0.696142689188491
189.5	2.27420614236871
191.5	-4.55903705092987
193.5	-0.795707921855865
195.5	-1.8688868101699
197.5	-8.21045849364964
199.5	8.72074115184205
201.5	-0.995337257177198
203.5	-11.3127196819887
205.5	0.639144158073577
207.5	-0.980075352012136
209.5	-4.02976138035137
211.5	-3.7039332062659
213.5	-5.29909957571908
215.5	-5.2426913808431
217.5	-3.52984300743537
219.5	-8.88863085374578
221.5	-2.9176856641343
223.5	-6.92024054019203
225.5	3.86406591455943
227.5	3.04372495294956
229.5	-9.56703499921787
231.5	1.90182613832349
233.5	-4.68464961821519
235.5	-3.64573296065191
237.5	-1.07260403125565
239.5	-4.70370270940748
241.5	4.34053911225055
243.5	-5.13590057040255
245.5	-6.0358658542591
247.5	-9.43938002672803
249.5	3.60809974025233
251.5	-3.57563112697517
253.5	-9.91895892859884
255.5	-11.6623987319927
257.5	-6.99741196528703
259.5	2.10559868059136
261.5	-4.73714030813244
263.5	-3.71464436026781
265.5	-5.95456264595668
267.5	-4.50238703981267
269.5	-2.24074247054159
271.5	6.82235008008684
273.5	-5.74057008142609
275.5	-5.68719143643739
277.5	9.27058120943911
279.5	2.88201487403148
281.5	-2.22571419562973
283.5	-3.55494971772259
285.5	-9.68431939614402
287.5	-3.98854867043519
289.5	-5.07137670205975
291.5	-2.43795746929754
293.5	-0.56920450015059
295.5	5.47330885976589
297.5	-12.5546730951637
299.5	-5.58703908418556
301.5	-6.13981184899603
303.5	-2.97485644030803
305.5	4.4131957060481
307.5	-0.322916922595141
309.5	-11.940957448518
311.5	-0.0141183172963792
313.5	-0.44428280010743
315.5	-2.8206119638462
317.5	-0.240854825317001
319.5	-1.54024438735451
321.5	5.87805841806221
323.5	-7.17343542820254
325.5	2.30181304775851
327.5	-5.65569325258912
329.5	0.370774941869968
331.5	0.0899556924578064
333.5	-1.93257610581986
335.5	3.08813278473826
337.5	-1.13380750376018
339.5	-5.88195093944341
341.5	-5.31597610720382
343.5	2.79939569382623
345.5	2.12745123636068
347.5	-8.97028755409156
349.5	-6.85749952876176
351.5	-0.838178097864329
353.5	-1.12895672086779
355.5	-1.70109333686378
357.5	-4.53605418195366
359.5	5.85378201264666
361.5	-2.75904770922352
363.5	-2.78907576422989
365.5	3.38912057166272
367.5	-10.8101291100238
369.5	-6.26097893421502
371.5	-5.28862504791505
373.5	-3.06203883363378
375.5	-1.98899492031524
377.5	-8.52926064058556
379.5	-5.8153499147611
381.5	5.4674119265992
383.5	-3.27648328576379
385.5	-19.8240860296855
387.5	1.30202814688801
389.5	-3.3725875418786
391.5	-5.71549452055297
393.5	-5.84179026023685
395.5	-8.41408741129089
397.5	-4.55538988062835
399.5	-9.89016064282168
401.5	-15.9349702396294
403.5	-8.45077686219611
405.5	-1.01386907795586
407.5	-4.73431789410461
409.5	-3.03308952374573
411.5	0.500118426440167
413.5	-2.17254785149726
415.5	-17.5667454636014
417.5	3.74700567173568
419.5	-8.20796418302416
421.5	1.76833521781555
423.5	-5.54858454568875
425.5	3.3909254844275
427.5	4.82075300867655
429.5	-8.77499898721817
431.5	-6.1397444158265
433.5	3.20651430895214
435.5	-4.24775471804787
437.5	-7.92514570555159
439.5	-1.68815824985541
441.5	-3.7973114227334
443.5	2.06549119396914
445.5	-0.8974915728013
447.5	-5.82199339799809
449.5	-3.81291388969748
451.5	-8.83811821995187
453.5	-0.75802482896961
455.5	-7.14538649572569
457.5	-7.43968958642199
459.5	-7.37699624794823
461.5	-5.78713976336985
463.5	-2.13422568792612
465.5	-5.53275067651339
467.5	-6.95200223399479
469.5	2.89836274799381
471.5	-4.06176195820899
473.5	-4.58183777833256
475.5	-0.306088904775606
477.5	-2.66979896979956
479.5	-1.37003915680907
481.5	-3.93095371446179
483.5	-3.43840687320517
485.5	2.9783377185031
487.5	-0.477406837654598
489.5	-4.11208419574723
491.5	-1.71469957187946
493.5	-0.512582813590598
495.5	-3.87722201987435
497.5	-9.88253722135323
499.5	-8.64903196982596
501.5	-3.98490315906383
503.5	-7.07348256827663
505.5	1.37020247418513
507.5	-10.2397834782469
509.5	-4.23862852583443
511.5	-2.20264986077473
513.5	-4.54384869466321
515.5	6.06265518438795
517.5	-1.75428670281144
519.5	-5.95017113274935
521.5	-3.19008352439505
523.5	-2.75593357078833
525.5	2.05918586016196
527.5	-4.79222833621589
529.5	2.69541575699986
531.5	1.02084597074099
533.5	1.60290801776591
535.5	-1.33363053294215
537.5	-0.766964450664091
539.5	-7.69226102723678
541.5	0.285979864682304
543.5	-19.4615795162044
545.5	5.10837088211883
547.5	0.225165283212846
549.5	-1.23966085262145
551.5	-2.74856547080162
553.5	-7.3711398552141
555.5	-0.0806303533881874
557.5	-2.94087770842725
559.5	-8.75265173255048
561.5	-8.71440358848304
563.5	1.44240430034006
565.5	0.133712012690921
567.5	-1.82524300875048
569.5	-7.54182229703565
571.5	0.177789587640291
573.5	5.11035853954309
575.5	0.356378338793547
577.5	1.97935537939611
579.5	2.20119746022374
581.5	-1.26605886320067
583.5	-1.15493782749581
585.5	-1.01541331321096
587.5	6.21878837229724
589.5	-13.0613030214599
591.5	-10.4605348623745
593.5	-4.14876713248213
595.5	-0.389403629840672
597.5	1.65532914787855
599.5	-8.82197842749974
601.5	3.38803769945298
603.5	7.17522839201683
605.5	8.63317743489006
607.5	-0.985650764599086
609.5	0.216295546239053
611.5	-4.41064785456001
613.5	-4.31442639741999
615.5	-6.68772833903313
617.5	2.92324670603375
619.5	0.38914628533621
621.5	-1.73934804918554
623.5	-1.1214922621557
625.5	-5.92498774450269
627.5	-2.72187384723202
629.5	-1.91659327235539
631.5	-5.76042247545502
633.5	-8.41621688178748
635.5	1.73142363286479
637.5	-2.63969848211673
639.5	-4.82471301156875
641.5	-2.0477080747869
643.5	-6.34123003021887
645.5	1.14733329894352
647.5	-9.64857098386892
649.5	-2.42721365083071
651.5	-6.87770878856554
653.5	-1.93455017388078
655.5	-3.50460359976569
657.5	5.94453203551348
659.5	7.78361466653678
661.5	-4.06772189539697
663.5	-2.79319074300929
665.5	-7.87623756207086
667.5	-1.45064984654528
669.5	-5.08736969526763
671.5	-12.2700693060824
673.5	-1.62779638591655
675.5	-4.64825807897978
677.5	5.718457586363
679.5	-5.2801877271977
681.5	1.44342808857891
683.5	-5.89938390039242
685.5	3.74331824867113
687.5	0.56871970042539
689.5	-12.0793594684965
691.5	3.00183815929722
693.5	-12.3309224131053
695.5	1.56608998959473
697.5	-8.66241965400604
699.5	-3.08824261206883
701.5	-3.40609576071438
703.5	-3.46945489838345
705.5	1.24757757509269
707.5	-2.59372911082573
709.5	0.255077464204987
711.5	-0.930835490637946
713.5	1.18098047033891
715.5	-1.98834575640376
717.5	-0.597748923531071
719.5	-2.21890738330239
721.5	-7.45705425606593
723.5	4.14039267778662
725.5	-6.58601675891805
727.5	-3.91652266250912
729.5	-9.5399922389488
731.5	-5.26743764571529
733.5	-4.43859612799952
735.5	3.59968915984518
737.5	-4.22377383661205
739.5	-7.55365907368923
741.5	1.25239774146939
743.5	-6.43413379501635
745.5	-3.83853053940584
747.5	-1.7621497617547
749.5	1.61405646689855
751.5	-4.16842383767653
753.5	-13.3658648022156
755.5	-5.45020483003827
757.5	-9.8272648851389
759.5	-0.472666411455066
761.5	10.8222235169178
763.5	-5.44110230904971
765.5	4.48032583527765
767.5	-5.37146164429669
769.5	-1.00985035561644
771.5	-0.170802960799847
773.5	3.98459288316917
775.5	6.79045096144
777.5	-1.7875824699222
779.5	-2.00343620991498
781.5	-6.32006663394077
783.5	-0.451230105385548
785.5	-4.79726027842298
787.5	-2.80025140496036
789.5	1.99702313101625
791.5	-5.41023075432167
793.5	-6.27310818223486
795.5	-6.74646328447398
797.5	-2.31992271749368
799.5	-5.09116409291073
801.5	-6.56891928407913
803.5	-1.77007178470285
805.5	0.739560194154365
807.5	3.77028790746863
809.5	-0.476591442041354
811.5	-5.97835617188048
813.5	-0.127067736048957
815.5	-11.1763044004083
817.5	-1.05269030997351
819.5	-2.07616857643461
821.5	-5.15700059236315
823.5	3.30735595132501
825.5	-0.336406934796287
827.5	7.61031689135325
829.5	7.92176449519775
831.5	-9.6368051553909
833.5	-0.49671291247887
835.5	-2.85429258733893
837.5	-1.10275791326694
839.5	-4.25589572153604
841.5	8.92429693761642
843.5	-2.54282649612651
845.5	1.46220771805747
847.5	-12.1554150488646
849.5	6.40553047872618
851.5	-2.48582320454989
853.5	-3.30859948103353
855.5	-5.48784221583082
857.5	-2.36463794686188
859.5	-3.96230415374157
861.5	0.903672239751359
863.5	7.54351371989105
865.5	-9.16457880150119
867.5	-4.82052891178591
869.5	5.71581708952544
871.5	-8.08059409588623
873.5	6.53371318936115
875.5	-8.9410893116501
877.5	-4.27915755555296
879.5	1.99281196592983
881.5	10.2890431122596
883.5	6.46092328896793
885.5	0.842775162133876
887.5	4.03903306333177
889.5	6.51963387442538
891.5	0.279380005167695
893.5	4.40591820603095
895.5	-4.34401080033786
897.5	-7.67125115828185
899.5	6.46183991795897
901.5	-2.21414885431295
903.5	-2.64845301891091
905.5	-0.431009811216427
907.5	-9.89898012144931
909.5	-1.00282872264052
911.5	-0.0491596354013382
913.5	2.50500206694687
915.5	9.31078145376523
917.5	1.64323561113997
919.5	-3.47153426834575
921.5	7.32686292036487
923.5	-3.12362216718884
925.5	-6.07153512191144
927.5	1.32445548892338
929.5	2.21397781146879
931.5	4.93353202053731
933.5	-3.63045294549738
935.5	-12.1119311027896
937.5	-4.0050970270886
939.5	8.58303444933881
941.5	-1.87831850545172
943.5	-10.752026304167
945.5	4.10244074399907
947.5	-9.13370747049157
949.5	6.01139659629825
951.5	-2.03973608059914
953.5	-2.9410977014104
955.5	-7.5515495744794
957.5	-1.71176172832202
959.5	2.7110852136866
961.5	-3.6690846409374
963.5	0.180557213339853
965.5	4.35966924443801
967.5	3.81236444858678
969.5	4.33039921059117
971.5	-5.01081186355623
973.5	-8.16794360057975
975.5	-3.24200127879158
977.5	2.38697368967951
979.5	-5.3346284649524
981.5	3.55075421260335
983.5	-6.45624745673103
985.5	2.07771459507603
987.5	3.94895875362727
989.5	0.574910513254508
991.5	2.09124102376973
993.5	-2.92291788604234
995.5	-7.31178974033355
997.5	3.93448155950045
999.5	1.77984743924026
1001.5	-2.98172033107676
1003.5	-6.02147079911902
1005.5	-1.34890594888111
1007.5	-10.4407098716529
1009.5	0.401419603352224
1011.5	6.69630761600365
1013.5	2.42942820485951
1015.5	2.1083320549269
1017.5	-3.89130553042469
1019.5	6.12336618817244
1021.5	-5.76748570268046
1023.5	3.66101228374009
1025.5	5.1500681265552
1027.5	0.396692897005778
1029.5	-2.55264823535617
1031.5	6.40271914434743
1033.5	-2.57247412906781
1035.5	-6.40044387995749
1037.5	-3.05876474634533
1039.5	-1.03232422010024
1041.5	6.22486650165774
1043.5	5.54882589902718
1045.5	-0.801947107121123
1047.5	-8.47176930484602
1049.5	-7.92906512661648
1051.5	2.91816396428658
1053.5	-1.94877200012252
1055.5	-0.00641604192787781
1057.5	-0.419801414183894
1059.5	2.96744909715926
1061.5	-3.34825272356284
1063.5	-3.24288853902362
1065.5	8.26999667892414
1067.5	-7.89929298696916
1069.5	8.32715797279798
1071.5	0.599533647870885
1073.5	1.71566435160912
1075.5	8.10974735769014
1077.5	0.975467690165715
1079.5	-4.34813478179785
1081.5	-2.70706233787951
1083.5	-0.357435830926079
1085.5	0.267946063240743
1087.5	11.0445240232957
1089.5	1.48151151323509
1091.5	5.46733871325523
1093.5	-1.3081727150211
1095.5	6.30252200847008
1097.5	-6.14617168787845
1099.5	-3.67895681437403
1101.5	-3.66423507711625
1103.5	-10.5552472333084
1105.5	-8.59760395878311
1107.5	7.36545405991001
1109.5	-1.4013929618859
1111.5	2.66244289095175
1113.5	2.36135733019637
1115.5	4.57093029293264
1117.5	6.12843583495669
1119.5	4.05355850281194
1121.5	-8.54205706123321
1123.5	1.8171063033169
1125.5	2.02424650157536
1127.5	4.81123858931642
1129.5	-4.2462694526339
1131.5	2.99129946406447
1133.5	-2.44748451049963
1135.5	-0.471290243633121
1137.5	-9.0224755519921
1139.5	0.959295248379931
1141.5	2.0534307212265
1143.5	0.788474654237689
1145.5	8.26541054476911
1147.5	-3.38386329484092
1149.5	-4.86402780711796
1151.5	-0.72955318737877
1153.5	8.8748899854254
1155.5	8.12128586363542
1157.5	-2.91864519380124
1159.5	-1.73494990759718
1161.5	-0.469966733157889
1163.5	5.63687985513843
1165.5	1.47559696343978
1167.5	-1.38415913273002
1169.5	0.656903457633234
1171.5	5.28709916000662
1173.5	-5.78561522316795
1175.5	1.82267478863196
1177.5	7.25422936881841
1179.5	9.30827948538172
1181.5	3.44393125866372
1183.5	2.43952387052741
1185.5	-5.54559991038604
1187.5	-4.21746086723942
1189.5	-2.6063481311603
1191.5	-0.751877595045698
1193.5	5.60921952883291
1195.5	9.68276188313303
1197.5	-4.96242912907201
1199.5	-2.77563322060178
1201.5	-7.69943138751205
1203.5	-1.38410671010024
1205.5	-6.54754991892059
1207.5	-0.101369461754985
1209.5	2.51684274828403
1211.5	0.471229423973455
1213.5	3.37386650866119
1215.5	4.6503715724084
1217.5	-2.93992050409088
1219.5	-5.74000921552579
1221.5	0.588028871798087
1223.5	-4.92183967838719
1225.5	0.880319727065398
1227.5	0.347708696647715
1229.5	-0.640631189197848
1231.5	-1.79552202578725
1233.5	2.20448046648107
1235.5	2.47792314175149
1237.5	-1.09784090242101
1239.5	-5.78998000165211
1241.5	-7.60206163092971
1243.5	-5.39014225100254
1245.5	-3.24083968655668
1247.5	3.00028832864427
1249.5	5.99513820725315
1251.5	-2.7715731235694
1253.5	-1.8098544857321
1255.5	-2.78201402228478
1257.5	-2.20865862638038
1259.5	-5.51756313360875
1261.5	-3.06948423935773
1263.5	-5.92687028499131
1265.5	-3.1363099888913
1267.5	4.68205941091492
1269.5	2.27414248233072
1271.5	5.3798560173791
1273.5	1.51907817200117
1275.5	-3.96714038629852
1277.5	-2.91874072854171
1279.5	9.97849021550883
1281.5	8.47418308493707
1283.5	0.259302415865932
1285.5	-3.27981519699733
1287.5	-1.1687726851851
1289.5	3.94990793837314
1291.5	6.39556907684255
1293.5	-2.58136310609461
1295.5	-0.974646395606214
1297.5	-0.285548845292396
1299.5	8.10491645560705
1301.5	8.84294161446815
1303.5	3.07224176397813
1305.5	-0.812333757243323
1307.5	0.226119961779659
1309.5	-0.848634832155767
1311.5	0.741671985714675
1313.5	8.53271435669922
1315.5	0.622223480205321
1317.5	1.39294642827826
1319.5	8.25319822336405
1321.5	2.31836731562271
1323.5	0.304046681108957
1325.5	5.74528947437921
1327.5	-1.16186969410955
1329.5	2.60201435716499
1331.5	-1.47094378310339
1333.5	1.76334606777436
1335.5	3.38623900412676
1337.5	6.92600950031374
1339.5	-6.17760894410549
1341.5	1.37995106183189
1343.5	-1.99227540281572
1345.5	-2.48282979086162
1347.5	-2.64045413598797
1349.5	9.69608449482621
1351.5	-2.7302745748384
1353.5	8.69180076367593
1355.5	2.73609149885397
1357.5	4.47232640865968
1359.5	-0.822191407547507
1361.5	0.83801892475185
1363.5	8.23345306200281
1365.5	0.0474309036799241
1367.5	8.34146207397225
1369.5	8.49748989744967
1371.5	-0.906672021016675
1373.5	1.61279175961772
1375.5	1.36663014385067
1377.5	3.26583171869606
1379.5	6.06138770107373
1381.5	0.765872983633926
1383.5	0.824768629399841
1385.5	3.28103889981594
1387.5	-4.06892040991261
1389.5	1.38639847383183
1391.5	-1.90749535922441
1393.5	5.25429460152463
1395.5	2.51664295081719
1397.5	11.3516269658257
1399.5	5.50391130632488
1401.5	0.89071801321461
1403.5	2.05375774146341
1405.5	7.76804391624592
1407.5	-11.3116807099905
1409.5	-2.57774244991924
1411.5	3.38188979141887
1413.5	-0.948546655146856
1415.5	7.37527951260199
1417.5	11.3476248265533
1419.5	-2.76394756270747
1421.5	-3.73615037209038
1423.5	-2.22498476814417
1425.5	0.263074117910946
1427.5	-6.45154388994251
1429.5	-2.16711706954538
1431.5	-0.574981823921007
1433.5	2.20642630763905
1435.5	-2.46527820396204
1437.5	2.14516268945135
1439.5	-2.83295849399929
1441.5	-0.0275933620787328
1443.5	12.003536101568
1445.5	-8.67239552788578
1447.5	4.40686504112819
1449.5	1.65530670711905
1451.5	-2.49318505514748
1453.5	-5.15462522834514
1455.5	-0.283918780500244
1457.5	-5.47940320398993
1459.5	10.1635111367523
1461.5	-8.04298037070021
1463.5	4.14555751224543
1465.5	7.70379950909773
1467.5	-1.10584032933093
1469.5	-10.2482268284884
1471.5	4.06816878127756
1473.5	2.43203859082951
1475.5	-0.772965485518398
1477.5	4.35031979890846
1479.5	7.84980652311879
1481.5	12.0531575733376
1483.5	-4.24258180921515
1485.5	7.21589107681939
1487.5	-3.07464888639788
1489.5	2.50672933170426
1491.5	0.467115604321407
1493.5	-0.716158370122685
1495.5	1.02842982511993
1497.5	2.91535279419531
1499.5	-3.01339482087587
1501.5	1.20795302814622
1503.5	-6.63132688461246
1505.5	-0.59481858190793
1507.5	-0.454145593632347
1509.5	0.573114064097354
1511.5	0.708566941243589
1513.5	3.06856022042757
1515.5	8.73456041949976
1517.5	7.48146662513773
1519.5	7.40238033528385
1521.5	6.2498940154619
1523.5	2.08755120959358
1525.5	4.86022545408377
1527.5	-3.73488591483692
1529.5	4.15020082100818
1531.5	0.92644306666898
1533.5	5.12664437854619
1535.5	12.6227777340209
1537.5	6.04598152451217
1539.5	11.1030104532847
1541.5	-0.395675034722444
1543.5	3.02915739297259
1545.5	-0.325127594232981
1547.5	5.99477778254914
1549.5	2.24133002668532
1551.5	-6.38956861907718
1553.5	10.2797205317593
1555.5	1.46404409874231
1557.5	-1.93664231264211
1559.5	-0.769600866459768
1561.5	0.724192116973427
1563.5	7.50869088063791
1565.5	4.23864801247419
1567.5	-2.04568576367546
1569.5	5.31486745386519
1571.5	6.07333820448366
1573.5	0.0771353487352826
1575.5	4.57485195769095
1577.5	4.1829542200594
1579.5	0.646594546151391
1581.5	-2.33194600678053
1583.5	11.2721969135227
1585.5	10.2320944584108
1587.5	2.70391319373448
1589.5	-1.71458817362054
1591.5	-6.14661048456946
1593.5	5.74432129220168
1595.5	8.38830074451562
1597.5	0.899512159948245
1599.5	12.3069077942055
1601.5	-0.693938417217396
1603.5	7.41717724161208
1605.5	4.85669141512517
1607.5	0.996855479254009
1609.5	2.41385995355813
1611.5	4.85419132376228
1613.5	-5.78948155904345
1615.5	-0.774651703351083
1617.5	5.1271533277768
1619.5	6.87281967746912
1621.5	10.2172156471952
1623.5	2.41077211691572
1625.5	-3.16361887014318
1627.5	-5.58123208986581
1629.5	5.39436792573451
1631.5	-3.82947239526584
1633.5	8.45680177972736
1635.5	2.45586329642538
1637.5	-0.855745713922261
1639.5	-7.79581831540872
1641.5	0.876048959046784
1643.5	7.98117744065576
1645.5	4.28708929840832
1647.5	10.7638543125754
1649.5	6.66809681500763
1651.5	5.62804116926964
1653.5	3.85243749055007
1655.5	0.812697376731194
1657.5	9.09864799090974
1659.5	6.41563994355465
1661.5	-0.290917311537669
1663.5	2.40953522349355
1665.5	-5.44957709462687
1667.5	6.41285824690294
1669.5	3.88556970659556
1671.5	0.567585465113098
1673.5	7.4070940955653
1675.5	-6.40585867199479
1677.5	5.22390273605561
1679.5	9.38942997012964
1681.5	0.385900097117883
1683.5	2.02831305989093
1685.5	2.88722231056317
1687.5	5.57093008405036
1689.5	6.22842310877286
1691.5	-2.87099914992405
1693.5	2.11487687943554
1695.5	7.92553506182867
1697.5	3.12253349444063
1699.5	0.159738458348784
1701.5	1.52015636889473
1703.5	3.00866783216543
1705.5	3.12467585215973
1707.5	0.700913343383036
1709.5	2.53487605737928
1711.5	7.92172742631601
1713.5	1.39016571526918
1715.5	0.487719526817727
1717.5	-1.62937642335828
1719.5	7.11016258216205
1721.5	4.82740382844759
1723.5	3.21003881757133
1725.5	-0.277727493215025
1727.5	-3.7078662325589
1729.5	-1.59727339449864
1731.5	-3.23227249825823
1733.5	3.09898231608349
1735.5	-1.52106301107369
1737.5	0.338552120804707
1739.5	11.7526631234932
1741.5	2.50020637382886
1743.5	-2.7912976206876
1745.5	-0.626544897754229
1747.5	13.9440321374245
1749.5	4.22933793544371
1751.5	6.69057580014032
1753.5	-3.40411209519925
1755.5	-3.88774708082155
1757.5	1.61750029771292
1759.5	-4.30344756095383
1761.5	-4.1318320710393
1763.5	2.37391653195027
1765.5	-0.192973973896642
1767.5	4.21078124981477
1769.5	8.91142710392069
1771.5	4.75738251833491
1773.5	5.53876554180306
1775.5	9.77580452722668
1777.5	11.2240450308705
1779.5	-2.96196429117026
1781.5	2.55718752932989
1783.5	3.13152942981969
1785.5	4.59711645231664
1787.5	5.97914995430529
1789.5	12.2346476586249
1791.5	-0.0492233406539526
1793.5	0.612513090783978
1795.5	-1.08846094279352
1797.5	3.75038722148747
1799.5	8.69293099297056
1801.5	5.62149399428972
1803.5	11.1395858581682
1805.5	9.68603135962348
1807.5	0.0989388746506847
1809.5	3.44948136117864
1811.5	-3.22633901721474
1813.5	2.33055112703551
1815.5	2.41071793542869
1817.5	9.56976946378018
1819.5	1.47439951220076
1821.5	12.1199089001625
1823.5	5.70566941442485
1825.5	5.97899895401497
1827.5	15.0143573141831
1829.5	15.0001978625446
1831.5	7.58667699202988
1833.5	1.89567388103842
1835.5	3.92569176915367
1837.5	-0.0763013158853028
1839.5	10.5098779188247
1841.5	3.91196827660815
1843.5	8.05839999835052
1845.5	-6.96031738879992
1847.5	13.3963660662776
1849.5	1.75399694376392
1851.5	-3.77388230376391
1853.5	1.81782282181211
1855.5	-9.26547391426948
1857.5	5.90175279103141
1859.5	1.16219381827523
1861.5	10.6217979659791
1863.5	2.53258997527837
1865.5	6.5797710658976
1867.5	8.56501182428474
1869.5	3.58756475428709
1871.5	11.2467323221617
1873.5	4.91523874255699
1875.5	-5.07630645596191
1877.5	13.4629235035773
1879.5	0.60146027625251
1881.5	-2.2628740376781
1883.5	4.6639137742095
1885.5	-2.9267170497983
1887.5	4.54956777332109
1889.5	1.59551240198425
1891.5	3.42399332990453
1893.5	-0.438387546537797
1895.5	3.32088144619684
1897.5	3.35454685718423
1899.5	10.5069075034316
1901.5	7.16811666304829
1903.5	-2.07022246306269
1905.5	-1.12658302031195
1907.5	9.65417413212072
1909.5	6.15184192150582
1911.5	10.6689913759974
1913.5	9.32701852997252
1915.5	7.89888585007066
1917.5	2.58170385233097
1919.5	6.919329699635
1921.5	7.38772671777906
1923.5	5.33859714453001
1925.5	1.68691516043418
1927.5	9.96028746247248
1929.5	10.9982893744041
1931.5	-1.99097548987129
1933.5	0.674477104058951
1935.5	11.9711423324552
1937.5	1.32796411415757
1939.5	2.5580998174346
1941.5	3.6576567579832
1943.5	6.91324728902919
1945.5	8.52390872598426
1947.5	2.66846620613751
1949.5	7.00721577498598
1951.5	2.27273951389407
1953.5	5.63138386021183
1955.5	7.75527619666354
1957.5	10.8665753550808
1959.5	-0.13408529485605
1961.5	6.67405721111436
1963.5	12.9178592756307
1965.5	5.62044599750243
1967.5	-1.48425739259119
1969.5	3.68825244021718
1971.5	3.77706006642666
1973.5	-4.92159100229537
1975.5	7.5029596699992
1977.5	4.32687939591051
1979.5	2.87568158734757
1981.5	-0.806060195928239
1983.5	7.12849856402681
1985.5	3.85515357566828
1987.5	7.32207942286868
1989.5	7.70145824025485
1991.5	16.2024960093972
1993.5	17.2262963261846
1995.5	2.35614718414263
1997.5	11.3835386704809
1999.5	-1.9531769356372
2001.5	2.82508165723038
2003.5	2.55140169810284
2005.5	9.20300688374255
2007.5	8.59092616515136
2009.5	4.83352678814208
2011.5	2.69813246158219
2013.5	10.5496418190019
2015.5	-0.123315162183644
2017.5	9.90200055711284
2019.5	0.299069949633122
2021.5	4.46054222431212
2023.5	1.33784982943189
2025.5	-0.0962044342054469
2027.5	-0.855035226391465
2029.5	14.9952538108382
2031.5	3.08703466651377
2033.5	4.8070699577047
2035.5	8.14884349022259
2037.5	6.37764977102006
2039.5	2.79849340974988
2041.5	-1.6348869288322
2043.5	11.6204406339598
2045.5	4.11346019376515
2047.5	3.08839946179705
2049.5	7.95210685112397
2051.5	6.06719792417061
2053.5	10.6729317668601
2055.5	1.7209439575422
2057.5	2.16571421258641
2059.5	0.188618247090744
2061.5	6.27142156537411
2063.5	-1.66284009319543
2065.5	3.63639363254515
2067.5	8.27955474783403
2069.5	11.7573108482256
2071.5	6.95137814819782
2073.5	7.90650857483615
2075.5	7.03503133626191
2077.5	5.0346035195189
2079.5	6.622568437876
2081.5	1.10840317260545
2083.5	-0.627709474865242
2085.5	15.3075279174841
2087.5	10.1714286447768
2089.5	-2.24243291553785
2091.5	0.92293799226627
2093.5	4.6261070855594
2095.5	8.92557204730701
2097.5	7.33595780429141
2099.5	6.58364680708246
2101.5	-0.549729543228295
2103.5	14.0455246054944
2105.5	10.4856383468909
2107.5	12.1535856523938
2109.5	6.41415658503274
2111.5	-4.83695982701147
2113.5	15.8554909757995
2115.5	2.29712180396064
2117.5	-1.62852095841254
2119.5	10.2990457430024
2121.5	17.0677067758579
2123.5	11.909528967707
2125.5	4.69044622302908
2127.5	0.744675438576451
2129.5	8.77228958560454
2131.5	4.9606526658622
2133.5	6.1384634930273
2135.5	2.90662762891679
2137.5	2.04502448197809
2139.5	7.42687538671134
2141.5	7.31669980832976
2143.5	6.90104097975382
2145.5	9.44754440492216
2147.5	4.7135852937563
2149.5	6.4960773968196
2151.5	13.3441676470379
2153.5	15.0877297526881
2155.5	5.65899175948925
2157.5	9.18345615656335
2159.5	6.58860860518234
2161.5	7.31816744541538
2163.5	12.8696405506612
2165.5	8.96616081193906
2167.5	10.821840937032
2169.5	12.0944141780706
2171.5	6.89011471357117
2173.5	1.65929878563293
2175.5	8.49268029953373
2177.5	6.22666046543691
2179.5	-0.66117972628399
2181.5	12.5519807348051
2183.5	-4.36613176870424
2185.5	0.92407200753496
2187.5	11.311378965222
2189.5	-1.07661986468838
2191.5	0.512612739485121
2193.5	15.1345084203244
2195.5	7.99563744271336
2197.5	7.08430234253274
2199.5	17.3959668687821
2201.5	6.63879203793431
2203.5	1.72194597318457
2205.5	20.3352467015338
2207.5	1.12166365001985
2209.5	1.52840663214738
2211.5	4.34809552867546
2213.5	14.8382447021841
2215.5	0.16683770422469
2217.5	3.35491470712213
2219.5	9.05668631204662
2221.5	20.5364103580268
2223.5	16.8364085206385
2225.5	4.62529611773789
2227.5	9.56498458070382
2229.5	18.409851715754
2231.5	10.0110395395473
2233.5	9.15558165780567
2235.5	1.98467863481983
2237.5	8.31918873807854
2239.5	12.9616542688295
2241.5	7.94351006528768
2243.5	16.1266401342386
2245.5	7.56326177753544
2247.5	8.42964576780651
2249.5	8.57485176294131
2251.5	0.881722962459207
2253.5	8.85197683433353
2255.5	7.34258194046561
2257.5	10.6306768351506
2259.5	4.43552120635286
2261.5	11.3393547239007
2263.5	8.96364174988776
2265.5	3.78790384709782
2267.5	7.59510624413861
2269.5	6.81531881051387
2271.5	1.16017931166198
2273.5	4.01124630820686
2275.5	9.27899418533343
2277.5	20.8778954908917
2279.5	4.52589266391169
2281.5	20.5195939449222
2283.5	7.78872200296655
2285.5	12.404623732567
2287.5	16.5157652567832
2289.5	12.5160904174027
2291.5	-1.27227326671027
2293.5	10.7859293527704
2295.5	8.69365869484409
2297.5	5.63701268890827
2299.5	17.4681444419448
2301.5	8.07164232976038
2303.5	8.74037192781907
2305.5	5.71027172607364
2307.5	7.4773310472865
2309.5	3.62571785723594
2311.5	3.02886684207533
2313.5	11.7106659945425
2315.5	12.6964764550739
2317.5	13.8666466817413
2319.5	10.9405754900813
2321.5	13.2964847316011
2323.5	16.0380402950045
2325.5	12.6870661613812
2327.5	6.03734684035271
2329.5	14.3493090289394
2331.5	10.3369550881625
2333.5	7.86173107137347
2335.5	9.25670747224376
2337.5	15.7160828610045
2339.5	0.60508602701475
2341.5	6.24711880385848
2343.5	2.54656775054264
2345.5	9.76472048397909
2347.5	6.3417641332685
2349.5	6.92628267388454
2351.5	13.7868364760093
2353.5	10.7603327194738
2355.5	12.9212171269214
2357.5	19.0928917677993
2359.5	12.4950112574957
2361.5	4.41547055370893
2363.5	6.08109795076643
2365.5	5.11791701983611
2367.5	6.43174161249453
2369.5	3.75487262448951
2371.5	11.343345058925
2373.5	7.1456676713874
2375.5	7.78266013941629
2377.5	6.95086824029158
2379.5	0.924549428516002
2381.5	10.1576452582394
2383.5	1.98800696441231
2385.5	10.1058566446395
2387.5	6.9405554739601
2389.5	16.497333317332
2391.5	9.75713723448689
2393.5	10.2315666614772
2395.5	3.43401590478697
2397.5	3.77839931307926
2399.5	11.6670686517318
2401.5	12.0936958464358
2403.5	9.37902822206524
2405.5	12.5029961158862
2407.5	15.1367961013725
2409.5	6.06640841741546
2411.5	4.05473266878926
2413.5	10.675309325853
2415.5	6.07264710452864
2417.5	9.64376858438345
2419.5	12.8302556721819
2421.5	10.6009894705153
2423.5	11.1575981656842
2425.5	4.26048210401541
2427.5	13.428423409704
2429.5	8.70554286446304
2431.5	9.22170103752114
2433.5	6.12051499772406
2435.5	10.6356113701386
2437.5	7.74429872839664
2439.5	5.43286873500665
2441.5	7.42940155382621
2443.5	7.29196828905197
2445.5	3.71291234843648
2447.5	10.7827788699547
2449.5	16.8291442273289
2451.5	7.00423855630925
2453.5	14.9236766862864
2455.5	11.2205515647502
2457.5	13.696265723227
2459.5	7.82391322451758
2461.5	9.68595377617112
2463.5	7.01798612877883
2465.5	7.31602843535802
2467.5	5.84038003243131
2469.5	4.87345243784375
2471.5	7.6995126736324
2473.5	8.66906490250085
2475.5	16.3459466467398
2477.5	8.30349035693371
2479.5	15.6206143464688
2481.5	17.5881073162986
2483.5	10.0484514622385
2485.5	6.02158911665765
2487.5	15.0553391408052
2489.5	10.1066656708867
2491.5	17.4673507682096
2493.5	16.1804072556961
2495.5	3.58165820269687
2497.5	10.9684615761171
2499.5	9.43794018339713
2501.5	11.072976554422
2503.5	12.6525947810701
2505.5	7.84272472453904
2507.5	7.92754321856955
2509.5	13.1083642995154
2511.5	9.80803578084851
2513.5	11.1009560222619
2515.5	6.40825526533035
2517.5	11.6094734688991
2519.5	2.10372780599937
2521.5	5.64993949970176
2523.5	10.6727475208577
2525.5	14.490575813008
2527.5	11.154220283121
2529.5	15.5412460676803
2531.5	15.2849635923185
2533.5	6.60851776889194
2535.5	17.2929202667588
2537.5	6.1208640379723
2539.5	10.3565139713292
2541.5	5.1395679324587
2543.5	12.6199389597173
2545.5	18.8826320233898
2547.5	16.9858307284849
2549.5	15.2846834181414
2551.5	11.8055262370458
2553.5	13.6037792591192
2555.5	9.87765755808732
2557.5	9.90516698370539
2559.5	14.7029360273714
2561.5	21.8461227610674
2563.5	11.2197650455755
2565.5	8.85345072494101
2567.5	3.19611191247986
2569.5	16.7265329726283
2571.5	14.7596816695795
2573.5	14.4722292647325
2575.5	12.0959786188396
2577.5	11.6809070341396
2579.5	16.9186066759471
2581.5	7.23229663306347
2583.5	13.4075220581435
2585.5	14.1158395274119
2587.5	5.38955285016846
2589.5	14.0414182728132
2591.5	12.9561578236608
2593.5	20.7549586552573
2595.5	12.0770304106413
2597.5	21.1085820336821
2599.5	15.3825010004721
2601.5	14.1668807384181
2603.5	10.4279820986471
2605.5	9.93716265831836
2607.5	9.40313248305665
2609.5	6.85524935798276
2611.5	8.02681552943523
2613.5	7.21806453453337
2615.5	9.70175519035638
2617.5	18.7628927329861
2619.5	5.89941730572173
2621.5	12.2409129073767
2623.5	6.37374436305436
2625.5	12.2471767039824
2627.5	11.3629019529781
2629.5	8.1052790521635
2631.5	6.52236531801918
2633.5	9.84345733815508
2635.5	4.19898150959534
2637.5	14.9415715060904
2639.5	3.21009990188986
2641.5	11.6824751174504
2643.5	13.4778301218903
2645.5	14.3580013652195
2647.5	16.1806963510453
2649.5	16.3004397207187
2651.5	12.2182570085838
2653.5	12.8056930305816
2655.5	7.78285573336052
2657.5	14.9584482446812
2659.5	10.1855402652122
2661.5	18.3496658509093
2663.5	21.3512404851481
2665.5	8.70085245188375
2667.5	17.3967508566689
2669.5	22.343674223212
2671.5	10.6715057717861
2673.5	14.4353963176491
2675.5	12.4104641014433
2677.5	25.6257249460036
2679.5	21.0739264944932
2681.5	13.5977332298894
2683.5	12.7931346709311
2685.5	9.87127803105977
2687.5	6.30548160617172
2689.5	16.4986974706367
2691.5	15.2500745718867
2693.5	1.46489928715982
2695.5	2.59784536955976
2697.5	13.4225293809354
2699.5	13.5367955310489
2701.5	10.6077987301624
2703.5	17.9408236125064
2705.5	13.9760340776011
2707.5	13.2718590715649
2709.5	12.0868070663428
2711.5	20.4889618618436
2713.5	1.29061113266334
2715.5	8.09958905282747
2717.5	14.2735979614654
2719.5	8.39425143525568
2721.5	13.1707305478135
2723.5	12.1524498530594
2725.5	8.19992279640064
2727.5	15.5083798900191
2729.5	19.112022113261
2731.5	12.5310985995584
2733.5	17.1438166453627
2735.5	6.39134556516046
2737.5	16.388950394004
2739.5	10.5534656321579
2741.5	19.5985211127281
2743.5	13.3155987304431
2745.5	16.1470533761803
2747.5	18.4031381685231
2749.5	12.2763458170007
2751.5	15.325033611166
2753.5	15.3248064861791
2755.5	12.1457738398808
2757.5	12.4975383693995
2759.5	10.825290609816
2761.5	24.8458461723417
2763.5	7.59962918183828
2765.5	12.6787183402803
2767.5	22.849400471408
2769.5	15.2108261180683
2771.5	12.9758163646216
2773.5	10.1374928957152
2775.5	14.5327529285355
2777.5	15.2016712288973
2779.5	11.7023708942093
2781.5	14.813662657768
2783.5	15.6551549682604
2785.5	12.2200893622048
2787.5	21.8957045641555
2789.5	2.63342514601345
2791.5	12.9815655168763
2793.5	20.7063061497856
2795.5	15.8236592612602
2797.5	15.7137845642528
2799.5	17.3541078082735
2801.5	14.1078878012236
2803.5	10.6269060779568
2805.5	17.9894061739142
2807.5	8.4958289214178
2809.5	16.3350894963687
2811.5	12.2042098771703
2813.5	12.81242823209
2815.5	16.4748716347472
2817.5	24.3050496919618
2819.5	15.2973296959603
2821.5	17.696503403592
2823.5	14.7156080945456
2825.5	15.772107447388
2827.5	20.1303511855467
2829.5	10.4896722276462
2831.5	12.3092070063117
2833.5	22.5213305058469
2835.5	12.9794046387801
2837.5	8.63643145131891
2839.5	13.2073338266205
2841.5	23.4749826418242
2843.5	11.0276892842662
2845.5	18.8279600758187
2847.5	18.3791808365827
2849.5	14.7810117564159
2851.5	13.9317363231407
2853.5	12.757484286009
2855.5	15.4124515718722
2857.5	14.6466456023736
2859.5	8.33023697399858
2861.5	1.61276300244936
2863.5	10.7787074494831
2865.5	8.44881772442022
2867.5	14.6672911465903
2869.5	16.9119427644982
2871.5	14.6493537303804
2873.5	17.9868839295018
2875.5	13.0748155591186
2877.5	14.3138665278898
2879.5	12.1849753388833
2881.5	11.4241670695051
2883.5	10.1418498865287
2885.5	20.1332761975877
2887.5	5.84313843777636
2889.5	1.5779913588508
2891.5	16.8598586328844
2893.5	16.9357724425413
2895.5	15.0797763953719
2897.5	18.5065011688575
2899.5	9.60729644037838
2901.5	10.5806207167684
2903.5	13.0858320793313
2905.5	12.9634906757533
2907.5	25.6152806327736
2909.5	0.952188892842969
2911.5	11.2487341324008
2913.5	14.9766523991734
2915.5	15.9617739778846
2917.5	6.51611445038543
2919.5	27.2547213588782
2921.5	15.1381868954372
2923.5	15.9482439622584
2925.5	13.3844113972036
2927.5	14.7847185013452
2929.5	14.1328000908829
2931.5	16.8900412205412
2933.5	19.4994544757265
2935.5	11.1646339466101
2937.5	13.5171283750087
2939.5	18.0371066780544
2941.5	21.258749576526
2943.5	19.6703839165493
2945.5	23.8924071746123
2947.5	14.9202920865873
2949.5	7.84643091292901
2951.5	3.56243234193926
2953.5	14.1782985307314
2955.5	10.1902782171242
2957.5	23.6025884572423
2959.5	19.3459872896829
2961.5	17.2462584747159
2963.5	11.3404888861205
2965.5	16.1840801264748
2967.5	5.53614284588093
2969.5	23.4377718318487
2971.5	15.5117347495566
2973.5	19.2779455777031
2975.5	21.5782249777753
2977.5	11.0542904989907
2979.5	13.7500673602203
2981.5	21.667421147034
2983.5	15.5661280201039
2985.5	28.2224995967422
2987.5	14.9567446349643
2989.5	11.0786177236887
2991.5	18.4710171516103
2993.5	11.5586883517253
2995.5	13.599815547112
2997.5	13.9220170221065
2999.5	21.7681282530625
3001.5	15.9563471498068
3003.5	12.4066002671043
3005.5	20.1830832883425
3007.5	23.9727845382763
3009.5	20.3921044366862
3011.5	15.7506826294325
3013.5	17.4328246532555
3015.5	17.789513647243
3017.5	13.4674150512265
3019.5	14.1894151204992
3021.5	18.9062409901876
3023.5	15.2625332705502
3025.5	12.6015359634266
3027.5	13.2360441963883
3029.5	12.6255970717052
3031.5	15.7745790875024
3033.5	15.1301927217773
3035.5	18.5221548925747
3037.5	14.3256343901339
3039.5	13.0666966661947
3041.5	21.1296073714147
3043.5	17.1420082343343
3045.5	7.05792762529563
3047.5	19.1766285226277
3049.5	22.4763860209491
3051.5	12.8422269482658
3053.5	18.9151900527213
3055.5	20.7527812610119
3057.5	21.383185554002
3059.5	18.3918439714644
3061.5	14.8111949365189
3063.5	21.1276160339194
3065.5	13.5844425613459
3067.5	20.5974637557129
3069.5	17.4201514392539
3071.5	19.1101226575202
3073.5	21.294843952362
3075.5	6.53121107420657
3077.5	14.3104971259831
3079.5	20.2873373785678
3081.5	18.7557978873983
3083.5	13.6360849364783
3085.5	22.9138202419404
3087.5	14.5233747048196
3089.5	11.0036592620572
3091.5	19.603705451384
3093.5	16.2579759774726
3095.5	22.7625562194667
3097.5	12.9032789681073
3099.5	19.3326102389306
3101.5	22.2453457648858
3103.5	20.7085523988794
3105.5	10.7487798987436
3107.5	19.0833036485983
3109.5	16.4260499268757
3111.5	15.5070924616657
3113.5	15.0094753292256
3115.5	9.47314776121812
3117.5	8.53164608469615
3119.5	26.4064579554706
3121.5	21.3340426730824
3123.5	12.7347421812519
3125.5	14.0793090046182
3127.5	21.5938107300162
3129.5	11.995099375576
3131.5	22.3292893509733
3133.5	17.4425369843639
3135.5	20.7048002225297
3137.5	24.4559190378377
3139.5	16.2259486045718
3141.5	15.1060555016902
3143.5	14.151740034079
3145.5	10.9270379872914
3147.5	20.3733250430582
3149.5	25.4435239417189
3151.5	15.2191058278113
3153.5	18.6854900074732
3155.5	23.3743551147691
3157.5	22.0817953192577
3159.5	17.2828507815238
3161.5	18.140267679551
3163.5	19.1494391651113
3165.5	15.0414195718909
3167.5	22.2727728826499
3169.5	8.87057635661222
3171.5	9.92419527140373
3173.5	26.5093391614314
3175.5	22.1676768867783
3177.5	16.5491509957947
3179.5	12.4691775893571
3181.5	27.5154432084469
3183.5	17.5102697401635
3185.5	19.7100949385381
3187.5	20.3878250811649
3189.5	21.8884150477415
3191.5	18.3595282115516
3193.5	24.653638574624
3195.5	18.395287579433
3197.5	10.9562400459677
3199.5	17.6273919789892
3201.5	17.8854696797844
3203.5	16.4270847504945
3205.5	27.1579731936386
3207.5	9.83589345247537
3209.5	22.0695020595977
3211.5	17.1160483366407
3213.5	11.6926709783179
3215.5	17.2790599801806
3217.5	28.1244977516003
3219.5	21.1270167013777
3221.5	20.7215330941008
3223.5	12.6485513903162
3225.5	24.9769602359893
3227.5	20.4865923403722
3229.5	17.9093907385895
3231.5	21.6794841418032
3233.5	12.0034714886374
3235.5	18.5134302298052
3237.5	18.0011641131255
3239.5	21.6862011933613
3241.5	20.6958020011075
3243.5	17.0665905114474
3245.5	16.7539001986388
3247.5	27.3522094448331
3249.5	15.6834918193517
3251.5	23.8408258425243
3253.5	20.4507453074552
3255.5	6.46930979020044
3257.5	20.0688111955342
3259.5	18.9561372098615
3261.5	18.7804771742221
3263.5	24.5061948914235
3265.5	21.9775487507318
3267.5	18.8530254953052
3269.5	22.6698269859617
3271.5	19.7884060179954
3273.5	17.0058820985851
3275.5	22.4298147104714
3277.5	32.7039334788428
3279.5	14.5122992893812
3281.5	13.1564846239403
3283.5	17.738177107788
3285.5	18.4869268196176
3287.5	21.4276537837659
3289.5	15.3121327764802
3291.5	14.323977440481
3293.5	22.7827299184751
3295.5	19.7785825752562
3297.5	28.508849771571
3299.5	23.7436486996344
3301.5	27.3463154994602
3303.5	29.7017967239999
3305.5	16.2178142907906
3307.5	15.6150394815086
3309.5	16.8247874431595
3311.5	21.3031884153952
3313.5	16.6206958126468
3315.5	24.048957957928
3317.5	14.5633867329498
3319.5	26.1695029506377
3321.5	15.0269370132128
3323.5	22.6729332112782
3325.5	21.3157552646394
3327.5	13.3081393666912
3329.5	29.0452120573195
3331.5	20.9930588089646
3333.5	22.0573733057586
3335.5	25.1497218520421
3337.5	16.222658456606
3339.5	23.1780360095722
3341.5	29.8852201997574
3343.5	17.3011712275147
3345.5	20.5409546170035
3347.5	17.4987888233632
3349.5	33.7127508803101
3351.5	30.6295410982216
3353.5	21.7125118763452
3355.5	17.8392949091985
3357.5	27.1516248944786
3359.5	26.7100614720875
3361.5	19.6062790970732
3363.5	19.1818045808291
3365.5	15.6055183491158
3367.5	23.87194367338
3369.5	32.2173314917604
3371.5	30.7753353625267
3373.5	23.7087584940887
3375.5	12.3141205368033
3377.5	25.3567432622581
3379.5	18.9211534966112
3381.5	27.8668938497603
3383.5	24.222799068541
3385.5	19.927720121264
3387.5	29.824662788481
3389.5	19.8781971976964
3391.5	11.0965370997324
3393.5	13.8141013475765
3395.5	29.592018823902
3397.5	22.2897157544057
3399.5	25.9263602471688
3401.5	20.8994676116408
3403.5	19.5906515170259
3405.5	20.730281020265
3407.5	21.9795573154097
3409.5	14.9283286714326
3411.5	21.0609049908317
3413.5	18.8935702270273
3415.5	14.7987061611343
3417.5	19.7498285180254
3419.5	16.3294355187818
3421.5	19.3209328066396
3423.5	21.5034722108321
3425.5	29.833476769777
3427.5	18.0772326221227
3429.5	19.4609190027059
3431.5	17.9735052215651
3433.5	16.6088159959099
3435.5	26.104561269839
3437.5	23.7866326634362
3439.5	28.7653088521292
3441.5	18.8159909093861
3443.5	17.6693825857883
3445.5	24.1399184589372
3447.5	18.3926544459246
3449.5	19.3051883537073
3451.5	20.0169881167408
3453.5	22.6962305377988
3455.5	26.0211726283765
3457.5	19.9390096999482
3459.5	23.4640683181356
3461.5	23.4973061090486
3463.5	19.9951662349476
3465.5	18.7153441139349
3467.5	18.8565422986826
3469.5	22.404686219088
3471.5	19.0130411956038
3473.5	21.3626180797223
3475.5	14.5373247531629
3477.5	11.1644228169812
3479.5	16.9200269719772
3481.5	28.1214155016823
3483.5	15.1704396118976
3485.5	29.4662248065601
3487.5	20.1270337718088
3489.5	33.7315118567749
3491.5	23.3229862273829
3493.5	27.8245486708092
3495.5	24.4276623196915
3497.5	26.0030296458654
3499.5	30.4651420630944
3501.5	27.3214003389262
3503.5	19.2429890909561
3505.5	25.885989816677
3507.5	29.6285191823968
3509.5	18.9038396030082
3511.5	18.1440433358016
3513.5	22.1453531981833
3515.5	19.121071787748
3517.5	16.1017297443004
3519.5	20.1681478863184
3521.5	26.767233047221
3523.5	24.6674671025226
3525.5	15.5546057630745
3527.5	22.7729766009716
3529.5	22.1939763915243
3531.5	21.940683293366
3533.5	33.6675086910336
3535.5	25.9147978303113
3537.5	26.2849234878213
3539.5	21.473969371456
3541.5	15.9049424810564
3543.5	25.5446365810631
3545.5	7.55611978334719
3547.5	28.0386209120798
3549.5	20.3456132716992
3551.5	23.2720055561085
3553.5	16.8555142774426
3555.5	13.4046674259639
3557.5	24.9215083758054
3559.5	24.4527352465707
3561.5	16.2091840790608
3563.5	21.6182012660024
3565.5	24.7643500737872
3567.5	19.6430301625219
3569.5	18.6501308641887
3571.5	30.1112063527244
3573.5	26.1008481353638
3575.5	16.4339290499602
3577.5	33.0011570541806
3579.5	25.5490242413898
3581.5	25.0738201747199
3583.5	23.5450583600737
3585.5	22.4682380034774
3587.5	18.7032927692949
3589.5	30.3848056344937
3591.5	14.4731409639694
3593.5	15.1615229508252
3595.5	16.8228920072956
3597.5	23.0491398835416
3599.5	18.1226479636589
3601.5	25.9128732091854
3603.5	24.0541199427489
3605.5	24.2528602625894
3607.5	16.1385049081732
3609.5	20.4869211217169
