1.5	-4.13397859400266
3.5	2.52745932421294
5.5	-3.11415878029311
7.5	-3.07562549514842
9.5	-11.3640472181178
11.5	-5.33572877270944
13.5	-3.19623221352231
15.5	-5.7208980718251
17.5	-3.34658439685882
19.5	-5.84179243315339
21.5	-4.91294668136106
23.5	-2.40958759339173
25.5	-7.22226399413921
27.5	-6.42732923234234
29.5	-10.6933804311066
31.5	-0.180823586556471
33.5	-11.0684694365682
35.5	4.91239317675991
37.5	0.533846116603854
39.5	-6.62616071185039
41.5	-3.7580220298305
43.5	-4.91779429898816
45.5	-1.37250000152108
47.5	0.0028974586248296
49.5	-10.868435777601
51.5	-7.63449069138187
53.5	0.027403447407778
55.5	-6.2839079390742
57.5	-6.3309721367541
59.5	-0.608923106596194
61.5	-12.696296566397
63.5	-0.140880081300566
65.5	-6.84040332063432
67.5	-5.34662769085571
69.5	2.72073826102223
71.5	-6.04956666216185
73.5	-1.56906119536325
75.5	1.67364670365623
77.5	-0.0164276606546991
79.5	-5.63673056156586
81.5	-7.48258165375682
83.5	-0.618997976899664
85.5	0.914654071058067
87.5	0.663248739979281
89.5	-3.84954407891291
91.5	-8.65134412177031
93.5	7.87820161173568
95.5	-6.66051336702185
97.5	-2.20125179678143
99.5	-15.4459575569417
101.5	4.39720605213915
103.5	-7.38129246591689
105.5	-5.32080466202933
107.5	-6.99314359360869
109.5	-2.19370763635743
111.5	7.86379146236868
113.5	-0.0431799022253472
115.5	-10.1572267272013
117.5	1.01211712864369
119.5	-3.95995935258179
121.5	-3.52900196235532
123.5	-0.583101822906428
125.5	-5.05281280687359
127.5	-2.31760285421751
129.5	-4.77050609729486
131.5	-7.54418769065978
133.5	-3.60525268161109
135.5	-6.11162268924272
137.5	-3.06024344731486
139.5	-2.64904505302184
141.5	0.184644432782079
143.5	7.31904503413625
145.5	-4.74494743940068
147.5	0.712504833334606
149.5	-4.20785704883019
151.5	-6.59083155792905
153.5	-1.65798181714126
155.5	-11.2597670555178
157.5	2.56573423983264
159.5	-1.22317557160659
161.5	2.28216790351053
163.5	-2.66547263314351
165.5	-5.42378827849006
167.5	-5.01216261057561
169.5	-5.34141054611973
171.5	-13.9287008676711
173.5	-4.6729056933209
175.5	-6.56086337578199
177.5	-3.38010813816618
179.5	1.42899539491555
181.5	-10.9205600749256
183.5	-12.9927533700484
185.5	-8.00101834194629
187.5	-17.6677691213308
189.5	-10.0135521502016
191.5	-0.0428619837639417
193.5	-5.37347287493048
195.5	-16.1921677863529
197.5	-4.58008244345456
199.5	-2.411887572659
201.5	-1.76751979562323
203.5	-8.20221504836809
205.5	-7.01535592807068
207.5	-8.38724676120273
209.5	-7.22478568747738
211.5	-5.94635539391948
213.5	-0.782096764215567
215.5	-5.02796063663573
217.5	-9.88773095736269
219.5	-13.6786754657096
221.5	-1.07773549625654
223.5	-9.02341294361304
225.5	-9.15267817611311
227.5	-12.0029858162889
229.5	-3.13463916843466
231.5	-6.87827374054905
233.5	-0.318430902885666
235.5	-9.51170472061949
237.5	2.50786713903017
239.5	-4.17712930565813
241.5	-6.22759162207967
243.5	-10.15858645549
245.5	1.98915002395552
247.5	-3.74285861410772
249.5	-0.15024573730534
251.5	-4.79717093236195
253.5	-5.44371625063195
255.5	-8.5023806947529
257.5	-5.6661666510845
259.5	-3.18811303282564
261.5	-13.2762672726012
263.5	-0.499706323245846
265.5	-18.2361069401804
267.5	0.704257935897658
269.5	-4.60059984136387
271.5	-11.8876862877232
273.5	-10.505514567074
275.5	-7.36747099250897
277.5	-12.0494081140832
279.5	-11.7974337053365
281.5	-6.25350348530083
283.5	8.0723507355915
285.5	-7.12995287174545
287.5	-4.81180755337755
289.5	-11.2247850202302
291.5	0.366064259910672
293.5	-7.60700649324372
295.5	-13.9044799199892
297.5	-0.320350108092498
299.5	-13.6979453108324
301.5	-5.05439682062115
303.5	-1.42572527778611
305.5	-0.994491321438545
307.5	1.23927939809437
309.5	-8.86396297149713
311.5	-8.55780491733549
313.5	-15.9125277736366
315.5	-8.39975182436956
317.5	-13.3992589239551
319.5	-10.4139819417969
321.5	-10.3625797964678
323.5	-5.56762834028541
325.5	-9.72789511159954
327.5	-10.8871874154847
329.5	-6.65760799376949
331.5	-2.28207105883666
333.5	-14.2041979100104
335.5	-7.34983736526101
337.5	-1.74683613186698
339.5	-4.03950767983406
341.5	-1.51426692712448
343.5	2.60728517241478
345.5	-10.251151507543
347.5	-7.14262823660374
349.5	1.75877031937216
351.5	-11.8985443454021
353.5	-1.73463136328064
355.5	-9.20851425128058
357.5	-11.9797945697819
359.5	-10.4642482225481
361.5	0.256299765487711
363.5	-10.2977775144836
365.5	-3.57209147670528
367.5	-0.254037981898364
369.5	-14.3769556826173
371.5	-7.00964707732965
373.5	-11.8919088306793
375.5	-10.881136894538
377.5	-6.11334801116845
379.5	-2.68265326946494
381.5	-5.40948606747861
383.5	-4.16902815394769
385.5	-11.1846844966176
387.5	-11.8849011494631
389.5	-10.1279756635195
391.5	-4.45485739103697
393.5	-12.5747373027443
395.5	-5.84487864270159
397.5	7.13462570941738
399.5	-0.943278632260444
401.5	-6.95669751070818
403.5	-2.87624194956152
405.5	-11.5759012057624
407.5	-7.75555461402382
409.5	-10.6643803771267
411.5	-5.32878154327682
413.5	-12.7528634246983
415.5	-1.09142802269525
417.5	-16.9421851817488
419.5	-0.496982969428245
421.5	-10.0283770944397
423.5	-8.94265809146145
425.5	-7.80954245567773
427.5	-3.31181168384319
429.5	-16.1117919008038
431.5	-9.11953521805845
433.5	-11.010694771684
435.5	-5.396940498199
437.5	-13.7012278988559
439.5	-6.09619413607197
441.5	-11.0760049334285
443.5	-7.68662909632712
445.5	1.59310292762439
447.5	-9.1093274925579
449.5	3.24482346526474
451.5	-15.1298816642984
453.5	-6.99283399864726
455.5	-17.4512779286961
457.5	-20.660712656615
459.5	-5.89565628745549
461.5	-4.71119553284279
463.5	-7.42189203377347
465.5	-13.3259966764272
467.5	0.970070268950622
469.5	-5.10551334737829
471.5	-7.02423378177173
473.5	-2.71645924089717
475.5	-2.22292381122043
477.5	-7.33867772859867
479.5	3.19009029629524
481.5	3.44521406166041
483.5	-13.8764501164196
485.5	3.40402421895669
487.5	-16.9932074955123
489.5	-14.4630074852957
491.5	3.05833383224945
493.5	-5.99460815949442
495.5	-13.4501203874615
497.5	-9.22494414607263
499.5	-12.2734058569977
501.5	-13.4334795896202
503.5	-11.8635934971489
505.5	-11.1467735921351
507.5	-6.5256952086238
509.5	-14.837960915771
511.5	-9.40312378330691
513.5	-2.23252229139871
515.5	-2.41704908035172
517.5	-13.3904176140359
519.5	-7.46900741307945
521.5	-11.2504483294442
523.5	-16.1269044322162
525.5	-5.83433797307225
527.5	-10.7868852940583
529.5	-6.95910563858251
531.5	-1.38091696469291
533.5	-5.31197263810645
535.5	-4.13967303952359
537.5	-6.70081565740657
539.5	-11.0440375489916
541.5	-13.8172089127675
543.5	-8.97019960598846
545.5	-6.84727133109755
547.5	2.27144861891429
549.5	-10.4175756979112
551.5	-0.621128892371416
553.5	-10.3340225368092
555.5	-12.2713025564681
557.5	-8.10090661551567
559.5	-7.44512193205992
561.5	-13.0955040029394
563.5	-0.0342644421589284
565.5	-5.68390914991051
567.5	-16.8041390744511
569.5	-8.92441251880064
571.5	-3.03443233258804
573.5	-5.04094084256758
575.5	-7.97400189997097
577.5	-9.13218467820479
579.5	-8.90939112597607
581.5	-5.39429621552517
583.5	-4.60090439935902
585.5	-1.57604267568695
587.5	-10.7154896801449
589.5	-4.45576577683642
591.5	-7.78958628971213
593.5	-1.13782780691872
595.5	-11.4391420703614
597.5	-15.5488592458223
599.5	-9.65240796695161
601.5	-21.4256658339191
603.5	-10.8836890494886
605.5	12.4136139016282
607.5	-5.63085777744891
609.5	-13.334726973836
611.5	-6.63883095845176
613.5	-7.9296507539384
615.5	-10.3030602288081
617.5	-6.77512183261388
619.5	-5.92754252727718
621.5	-16.1368782533718
623.5	-2.76983782653588
625.5	-14.4893003931784
627.5	-7.31518132869496
629.5	-10.9883567386069
631.5	-6.27848022963371
633.5	-13.8875117757225
635.5	-7.47817024446977
637.5	-9.96085499256151
639.5	-9.22071506795965
641.5	-10.4082854166954
643.5	-3.94314699759434
645.5	-7.61047381939443
647.5	-13.6982635124277
649.5	-8.65798279345017
651.5	-9.09049428129674
653.5	-15.0903036815116
655.5	-13.3369914113155
657.5	-11.6039618827563
659.5	-7.11085770297177
661.5	-20.8056613091467
663.5	-16.1234166841441
665.5	-2.43514081168723
667.5	-8.77283858435749
669.5	-2.44470162612288
671.5	-5.16349131219067
673.5	-8.15395177504161
675.5	3.46948449525644
677.5	-10.5690716025674
679.5	-12.5345634522591
681.5	-6.63037310407526
683.5	-5.86253256365217
685.5	-11.5539957880537
687.5	-13.0068251034982
689.5	-6.46283785665491
691.5	-3.17106606249581
693.5	-10.5489095257453
695.5	-10.0999678235648
697.5	-14.2892720460168
699.5	-14.0601117692449
701.5	-9.74880590980865
703.5	-8.97689533316498
705.5	-9.74130712815531
707.5	-5.56440504451803
709.5	-6.96459395897455
711.5	-10.2694604093322
713.5	-11.1519989949065
715.5	-1.75964396938161
717.5	-8.30500279863463
719.5	1.30631576681117
721.5	-5.72208766650419
723.5	-13.1866055968621
725.5	-8.7767041131392
727.5	-4.60270068559748
729.5	-13.8621448611566
731.5	-14.876922022414
733.5	-10.9388482203358
735.5	-9.29924222885802
737.5	-1.55778601335351
739.5	-8.67250073948344
741.5	-10.3206817930131
743.5	-0.466536089972578
745.5	-16.3083121717309
747.5	-16.4300995439617
749.5	-15.3544900969619
751.5	-12.0748922627827
753.5	-25.5485627690696
755.5	-13.1153577375735
757.5	-18.8280945110964
759.5	-13.6171573140564
761.5	-9.17075425320854
763.5	-10.74345405655
765.5	-3.45455742745162
767.5	-10.5795593809016
769.5	-9.08499493587806
771.5	-11.839312731172
773.5	-9.4640508892353
775.5	-9.78599702872089
777.5	-6.18614570310092
779.5	-8.0332424333792
781.5	0.202716840341964
783.5	-9.49553883692806
785.5	-8.16614360216954
787.5	-12.2542986615736
789.5	-6.61948767472131
791.5	-9.9240018673654
793.5	-4.52703676524743
795.5	-12.9422807416295
797.5	-13.334497243337
799.5	-19.19838946455
801.5	-6.81840327217378
803.5	-13.6806986686179
805.5	-18.671467324375
807.5	-10.4680914118117
809.5	-13.8759345003518
811.5	-3.48327571438858
813.5	-8.56358280604309
815.5	-11.3770800403991
817.5	-6.77128295593866
819.5	-9.76905983155211
821.5	-11.2941886512408
823.5	-5.23589217896188
825.5	-13.6032859387315
827.5	-9.41707876791133
829.5	-15.3498981057746
831.5	-10.8814855737101
833.5	-1.44481396115316
835.5	-7.59224754998286
837.5	-22.7964787507399
839.5	-11.4568501173253
841.5	-4.15657544374972
843.5	-15.5890034094564
845.5	-14.3302919470952
847.5	-12.1308769088255
849.5	-19.3895847898748
851.5	-19.4127613018136
853.5	-12.6663497507316
855.5	-9.93696436585469
857.5	-9.82280011378771
859.5	-5.65170325319832
861.5	-10.3882074689673
863.5	-11.0276969080796
865.5	-10.3946295094638
867.5	-7.98894856980314
869.5	-11.839793511369
871.5	-15.2868300037499
873.5	-17.9841661964674
875.5	-11.9949113659241
877.5	-13.4277047392261
879.5	-2.36125803370123
881.5	-2.29557847820342
883.5	-16.1255567505304
885.5	-6.86663155456881
887.5	-14.8851849464863
889.5	-25.7102767820206
891.5	-14.3711038391748
893.5	-4.39324087063778
895.5	-5.2470969589067
897.5	-17.5531098115207
899.5	-12.6656071804064
901.5	-4.47116606239615
903.5	-12.0083576326224
905.5	-11.1434966600609
907.5	-10.2464659989564
909.5	-24.6592231087552
911.5	-14.8197003644727
913.5	-9.80366973012769
915.5	-10.1985061099249
917.5	-14.0856211707805
919.5	-14.0015573494547
921.5	-14.3973462289669
923.5	-11.4592915712756
925.5	-18.1643950423568
927.5	-3.07204611116958
929.5	-6.47350944506434
931.5	-8.02488812527008
933.5	-10.9883518411534
935.5	-15.734079128184
937.5	-16.6900677945869
939.5	-5.14708257816528
941.5	-14.5572467316306
943.5	-16.1714259336341
945.5	-5.3536064320233
947.5	-15.4974124106902
949.5	-19.5177046397193
951.5	-19.2787351989673
953.5	-8.80378809904596
955.5	-10.3876042208885
957.5	-15.2595947458603
959.5	-15.0272341720702
961.5	-9.41384651260614
963.5	-5.24896785830242
965.5	-15.3252605047292
967.5	-17.2518029014354
969.5	-9.08321694839196
971.5	-10.6282487324042
973.5	-9.60588386288327
975.5	-17.328093769851
977.5	-12.2323317092478
979.5	-6.38880257794881
981.5	1.58432186866776
983.5	-10.1736635867474
985.5	-22.0259665983158
987.5	-9.68411776626544
989.5	-12.5477130026802
991.5	-6.14033089284294
993.5	-4.2883557515288
995.5	-13.4800479732912
997.5	-10.194711762585
999.5	-9.55939742840383
1001.5	-20.7867455492287
1003.5	-4.02079608076565
1005.5	-8.86251487500158
1007.5	-14.0147793956548
1009.5	-9.89729213588453
1011.5	-8.08793459685694
1013.5	-19.4216949210631
1015.5	-5.97604521084395
1017.5	-8.13967253435658
1019.5	-7.26058291822119
1021.5	-2.94526311796835
1023.5	-11.8332260614516
1025.5	-20.8430934582639
1027.5	-13.8499634863138
1029.5	-19.8268046915673
1031.5	-15.4230441694954
1033.5	-12.5087806397505
1035.5	-11.0073620707644
1037.5	-13.3873703454083
1039.5	0.581429557382762
1041.5	-16.0943952301668
1043.5	-12.5167781653427
1045.5	-21.5164644452198
1047.5	-18.3300870154826
1049.5	-23.5470716954896
1051.5	-13.1530723927908
1053.5	-13.5244864616798
1055.5	-4.6381478675612
1057.5	-15.5659685614628
1059.5	-10.05985221428
1061.5	-14.6750169421366
1063.5	-8.98824224932105
1065.5	-11.455924750685
1067.5	-10.6948275094192
1069.5	-11.0158094350281
1071.5	-12.9633685143381
1073.5	-12.4426156862128
1075.5	-10.5993677290817
1077.5	-4.15557662432275
1079.5	-24.7701560763444
1081.5	-18.2728956263054
1083.5	-6.1421083785317
1085.5	-15.2081382485376
1087.5	-8.32040642806714
1089.5	-9.21304794825392
1091.5	-16.179767607814
1093.5	-7.95674235568185
1095.5	-4.35731167405083
1097.5	-11.8480901621624
1099.5	-15.6801068277773
1101.5	-9.61173656164283
1103.5	-22.6498012068751
1105.5	-11.6270706020332
1107.5	-16.0435959353545
1109.5	-9.26312807213253
1111.5	-24.5129038580508
1113.5	-12.0692573768119
1115.5	-18.5614530187077
1117.5	-11.7406635921161
1119.5	-16.4821598762801
1121.5	-3.24603252373254
1123.5	-9.07640319668099
1125.5	-15.4508690250741
1127.5	-13.8037370654656
1129.5	-16.8498380089877
1131.5	-15.1603337650558
1133.5	-14.561596628645
1135.5	-18.055897908298
1137.5	-6.18295466987183
1139.5	-6.84300949371755
1141.5	-8.40078934116264
1143.5	-18.8007461765756
1145.5	-16.865981489007
1147.5	-13.9438735876229
1149.5	-11.4039718221147
1151.5	-17.7735532200268
1153.5	-17.3820435490024
1155.5	-17.0481192837078
1157.5	-16.7299905018672
1159.5	-15.2764737057041
1161.5	-12.4838454982137
1163.5	-23.5924540851274
1165.5	-8.37304300894084
1167.5	-17.5392518799799
1169.5	-15.8305416279709
1171.5	-7.10990648890402
1173.5	-16.4449335321278
1175.5	-8.28498900192608
1177.5	-14.1280016536512
1179.5	-12.0436668476887
1181.5	-11.6306138142236
1183.5	-13.6384669520876
1185.5	-8.15944525945361
1187.5	-13.8914442986779
1189.5	-23.5535573737179
1191.5	-11.1168777138819
1193.5	-20.2565652516259
1195.5	-14.2676632598796
1197.5	-16.7782974278934
1199.5	-20.1057595691418
1201.5	-13.5343754560135
1203.5	-18.8669459709827
1205.5	-8.78181456428047
1207.5	-8.3613646069316
1209.5	-14.3286518482801
1211.5	-15.7454520750534
1213.5	-11.6665412223765
1215.5	-20.8445281886297
1217.5	-19.7495366040339
1219.5	-17.6571647919454
1221.5	-24.0486652263598
1223.5	-3.84423543857065
1225.5	-0.387597839661794
1227.5	-18.2819846664252
1229.5	-12.4322101367843
1231.5	-15.0827611318136
1233.5	-16.3895275166069
1235.5	-17.125603795098
1237.5	-21.7694142644586
1239.5	-10.0713344796668
1241.5	-9.71440890567374
1243.5	-14.488579789514
1245.5	-16.0708873406611
1247.5	-19.5197440132433
1249.5	-3.7383752867463
1251.5	-22.0477952713127
1253.5	-13.021987542259
1255.5	-14.7835939389133
1257.5	-17.5845381107383
1259.5	-2.0920556056999
1261.5	-22.7131135958998
1263.5	-1.73857186113491
1265.5	-9.40722760770768
1267.5	-16.8524827061747
1269.5	-18.6319522774302
1271.5	-7.3392811098438
1273.5	-13.0847170942052
1275.5	-14.5396532228979
1277.5	-10.854514105311
1279.5	-8.44406234412963
1281.5	-15.5249205177424
1283.5	-18.113272558995
1285.5	-12.3119224514749
1287.5	-7.59233860591576
1289.5	-3.65421368119041
1291.5	-17.707432339289
1293.5	-18.1516415880124
1295.5	-11.1002258874769
1297.5	-18.6166523873962
1299.5	-15.1369232704783
1301.5	-7.56226211585636
1303.5	-20.7089050970844
1305.5	-9.08239326241255
1307.5	-19.2788524338321
1309.5	-19.6393122485651
1311.5	-8.00910865789137
1313.5	-21.1760437378225
1315.5	-15.0922343807797
1317.5	-22.8641434056644
1319.5	-22.7696950451154
1321.5	-12.7062390640185
1323.5	-20.2815508311578
1325.5	-9.81344853495921
1327.5	-17.7141264689499
1329.5	-17.1209295256122
1331.5	-19.0753890835076
1333.5	-26.5618434304552
1335.5	-11.0955046700901
1337.5	-12.193445385421
1339.5	-15.7164644395989
1341.5	-20.9504642852762
1343.5	-9.35831598494497
1345.5	-9.51909427464034
1347.5	-19.6312866151648
1349.5	-16.5562652092212
1351.5	-15.2992843937736
1353.5	-24.7956030886171
1355.5	-23.2886156798741
1357.5	-16.2826193238343
1359.5	-14.3897564939907
1361.5	-11.2790749569231
1363.5	-8.58084263884484
1365.5	-8.17818498020733
1367.5	-15.8859246779721
1369.5	-14.4587316870793
1371.5	-15.7675999247722
1373.5	-14.8792002753535
1375.5	-20.1878957140434
1377.5	-11.3741786430001
1379.5	-19.4024019529588
1381.5	-18.1049653440386
1383.5	-1.78864039031214
1385.5	-15.3815625975549
1387.5	-23.767831392106
1389.5	-19.2110732644242
1391.5	-17.8773329155183
1393.5	-8.94615639572476
1395.5	-13.7794251069299
1397.5	-12.6228104049214
1399.5	-16.2473095496416
1401.5	-16.2914737386272
1403.5	-3.65894239152112
1405.5	-8.40356369180518
1407.5	-19.464179632575
1409.5	-18.8420586663024
1411.5	-17.9817432449427
1413.5	-16.5721155216088
1415.5	-17.3763297777841
1417.5	-8.77353396808667
1419.5	-10.8347230406171
1421.5	-20.6325947222531
1423.5	-18.5548605200111
1425.5	-17.5884705764047
1427.5	-23.4050079948593
1429.5	-8.44791325273127
1431.5	-14.7446200953009
1433.5	-12.8581348064554
1435.5	-25.1269792363582
1437.5	-12.5177683247884
1439.5	-20.5283702981887
1441.5	-12.7674111491506
1443.5	-19.0862513282946
1445.5	-21.5893054881808
1447.5	-14.4374679632501
1449.5	-16.043847962309
1451.5	-15.4427185087325
1453.5	-16.1614147928121
1455.5	-24.5655996666528
1457.5	-17.660709335526
1459.5	-13.5770559804359
1461.5	-20.9995010728371
1463.5	-19.9958905035355
1465.5	-11.402237062196
1467.5	-17.0673020173044
1469.5	-18.0218683706789
1471.5	-9.38729738634538
1473.5	-22.551134207215
1475.5	-12.7510215871243
1477.5	-19.4600680476697
1479.5	-20.1987677719817
1481.5	-16.9627142706104
1483.5	-16.9317851000014
1485.5	-11.302670145772
1487.5	-13.0265724533947
1489.5	-17.7986869475644
1491.5	-14.9682415313564
1493.5	-20.5867382009765
1495.5	-6.62401160437912
1497.5	-22.2481432085469
1499.5	-25.3146433339707
1501.5	-26.0596419367675
1503.5	-11.9623424246238
1505.5	-20.6250921519422
1507.5	-20.2903486822079
1509.5	-14.2926441341842
1511.5	-22.8273563443545
1513.5	-19.7216500809236
1515.5	-17.442654144148
1517.5	-6.61695780747232
1519.5	-21.953621755566
1521.5	-11.3248519997269
1523.5	-25.0973483842845
1525.5	-14.0530531551658
1527.5	-13.1193327760038
1529.5	-11.3158143149303
1531.5	-10.0366151327071
1533.5	-19.4224255337303
1535.5	-20.0370466015847
1537.5	-14.6011795556933
1539.5	-20.0887752004164
1541.5	-28.9446694354083
1543.5	-25.0785121567951
1545.5	-13.3055001143402
1547.5	-20.7172672003753
1549.5	-16.3413899101142
1551.5	-20.1670754668658
1553.5	-13.3618129032038
1555.5	-12.0951633977938
1557.5	-18.2653271974523
1559.5	-9.74394983126967
1561.5	-13.2595864969971
1563.5	-18.5622013125858
1565.5	-19.2858971321657
1567.5	-8.19238463964939
1569.5	-8.95087627368048
1571.5	-14.5930324613983
1573.5	-14.7892151664682
1575.5	-5.5938989941551
1577.5	-24.0567541540122
1579.5	-14.6776021191517
1581.5	-16.0259794080011
1583.5	-18.4665568960136
1585.5	-28.8603901277529
1587.5	-22.5168371194286
1589.5	-20.0754398060162
1591.5	-23.6900830794057
1593.5	-12.6390890198008
1595.5	-17.5067456159431
1597.5	-14.8810353581093
1599.5	-13.5904202014653
1601.5	-13.4191436975598
1603.5	-12.1647453920859
1605.5	-17.2187201468696
1607.5	-18.0464062230258
1609.5	-22.3048495379671
1611.5	-6.01552550982706
1613.5	-15.5277853055932
1615.5	-28.3659148851784
1617.5	-9.78872466646499
1619.5	-5.81580192897309
1621.5	-14.5845119616397
1623.5	-14.4679584052597
1625.5	-17.4008294076029
1627.5	-17.4653200004254
1629.5	-13.1609941548127
1631.5	-16.5034038711146
1633.5	-11.8695759248972
1635.5	-14.0911867456339
1637.5	-22.9657734985212
1639.5	-17.4881373905741
1641.5	-12.8911772108831
1643.5	-7.89384936110991
1645.5	-14.3657399508252
1647.5	-21.7335282460103
1649.5	-26.4869811881026
1651.5	-18.1659319416544
1653.5	-21.8885049226924
1655.5	-11.8761091681199
1657.5	-10.2880493484677
1659.5	-15.8621223693303
1661.5	-12.2308598974964
1663.5	-7.34069781047401
1665.5	-13.4496871570313
1667.5	-14.7080674298672
1669.5	-26.8489915105351
1671.5	-21.5732749617364
1673.5	-11.3599584273534
1675.5	-19.5124663164033
1677.5	-16.8802195766525
1679.5	-7.84286878419971
1681.5	-21.920276141811
1683.5	-14.4975590564381
1685.5	-26.4357420231913
1687.5	-13.3160217086624
1689.5	-17.8204820191631
1691.5	-29.0198905298148
1693.5	-13.9476975443717
1695.5	-14.7722589016803
1697.5	-5.28423078904325
1699.5	-14.6137424497761
1701.5	-9.70537963172546
1703.5	-15.3069896330003
1705.5	-11.5332347052131
1707.5	-21.2015513830193
1709.5	-20.8285610422736
1711.5	-18.100903234998
1713.5	-15.1072714833308
1715.5	-26.1231586237022
1717.5	-10.8215688912219
1719.5	-16.0233799199759
1721.5	-12.4579233226423
1723.5	-20.1214537971505
1725.5	-23.2384022091787
1727.5	-19.3124819196141
1729.5	-11.4372950782458
1731.5	-21.9559532413159
1733.5	-15.9153897551801
1735.5	-23.5415183473278
1737.5	-15.9436696797065
1739.5	-24.3227907636219
1741.5	-19.1531875873552
1743.5	-23.5289415005705
1745.5	-12.6719868532177
1747.5	-23.9289663284617
1749.5	-21.936512924874
1751.5	-15.5281644363185
1753.5	-17.5842903851408
1755.5	-35.3071685023533
1757.5	-23.1063477100602
1759.5	-27.2503898965169
1761.5	-23.156504069872
1763.5	-8.15987760656208
1765.5	-24.2021022039448
1767.5	-18.2062287215927
1769.5	-19.6703022642287
1771.5	-15.655259650945
1773.5	-24.3037378301424
1775.5	-17.41766399791
1777.5	-19.0785958888732
1779.5	-29.9936334636382
1781.5	-19.8036241163477
1783.5	-25.4907203256694
1785.5	-12.846077259393
1787.5	-20.4831114526751
1789.5	-23.8867780514283
1791.5	-22.4568901023122
1793.5	-18.5199497297835
1795.5	-20.2831483218129
1797.5	-20.9733029325953
1799.5	-19.4317953833192
1801.5	-17.7129551282028
1803.5	-22.2200845300199
1805.5	-19.4422129253808
1807.5	-22.8504743073527
1809.5	-20.2714017132412
1811.5	-19.2878841715042
1813.5	-26.0566106460969
1815.5	-20.8438999138493
1817.5	-26.3096800147368
1819.5	-26.2638416216578
1821.5	-19.2177635837234
1823.5	-21.9572989272592
1825.5	-14.322918196865
1827.5	-12.2305813458665
1829.5	-26.4355838685642
1831.5	-21.6127114972778
1833.5	-24.7901005430831
1835.5	-19.4130211617935
1837.5	-14.3011760088211
1839.5	-17.9887135395447
1841.5	-20.1068839671875
1843.5	-16.8115066479827
1845.5	-16.5562291831029
1847.5	-19.1386242807912
1849.5	-26.2861847190356
1851.5	-20.8346516804249
1853.5	-18.3715140929971
1855.5	-24.1392988205971
1857.5	-13.4017774008198
1859.5	-19.2292986303974
1861.5	-20.9386494771425
1863.5	-15.1914500792786
1865.5	-29.2791459322511
1867.5	-14.729124557537
1869.5	-15.7263072929627
1871.5	-17.8603362245271
1873.5	-20.6115534718365
1875.5	-24.5819800945646
1877.5	-16.5846349316066
1879.5	-16.5986028690745
1881.5	-15.4903676870335
1883.5	-20.3654686601872
1885.5	-12.4850884813131
1887.5	-24.8513805774569
1889.5	-28.2251379437416
1891.5	-14.4574943082325
1893.5	-21.8154116554401
1895.5	-15.4636811328696
1897.5	-22.026923894457
1899.5	-22.1646198054482
1901.5	-27.4313964110752
1903.5	-21.152143703981
1905.5	-26.0932159077693
1907.5	-8.22385015855434
1909.5	-15.6115105553959
1911.5	-32.259247563074
1913.5	-20.0172010986939
1915.5	-12.5752591389964
1917.5	-17.7875499313318
1919.5	-23.8211624261362
1921.5	-20.9230273820353
1923.5	-18.6416879515295
1925.5	-22.8238868240328
1927.5	-19.7214332158078
1929.5	-17.0390335180946
1931.5	-17.3349350231229
1933.5	-20.4215174528258
1935.5	-22.4152357156081
1937.5	-19.9505500526875
1939.5	-23.3702330271021
1941.5	-19.1251384453935
1943.5	-24.0705891509165
1945.5	-13.8865495317859
1947.5	-20.4628595961053
1949.5	-25.2850105412854
1951.5	-23.3081028035313
1953.5	-19.4206373463458
1955.5	-20.0143105853476
1957.5	-14.0389545334001
1959.5	-24.0682414453713
1961.5	-15.496204500635
1963.5	-18.8185863021413
1965.5	-24.8353165939934
1967.5	-26.0218576755819
1969.5	-23.5591574643827
1971.5	-24.6785863239525
1973.5	-16.8438959742625
1975.5	-23.1664829503134
1977.5	-20.117670166881
1979.5	-14.5401709967496
1981.5	-17.0078922155581
1983.5	-13.2654830418578
1985.5	-24.1054945491924
1987.5	-19.7673470470054
1989.5	-25.500770406285
1991.5	-25.9400355829766
1993.5	-15.9325585961733
1995.5	-16.008496678307
1997.5	-30.7898351839335
1999.5	-22.0234170419249
2001.5	-12.9631696014067
2003.5	-12.6410681457651
2005.5	-27.7637333233502
2007.5	-29.1006938430205
2009.5	-24.936406303887
2011.5	-23.1175891287508
2013.5	-19.452895553236
2015.5	-19.5275720345671
2017.5	-22.1274368071254
2019.5	-16.2112364480895
2021.5	-17.0079316338938
2023.5	-22.0541793488233
2025.5	-19.7918552465612
2027.5	-19.4484840763389
2029.5	-25.2639679945291
2031.5	-16.5170111432549
2033.5	-15.3156359046457
2035.5	-16.8904251404133
2037.5	-19.7321041384494
2039.5	-32.8500701787061
2041.5	-20.877107234729
2043.5	-19.8155526607316
2045.5	-19.120508133914
2047.5	-27.6730493448194
2049.5	-19.3376221243307
2051.5	-16.7068162766254
2053.5	-23.4905994978585
2055.5	-24.491036717734
2057.5	-20.4399646811439
2059.5	-26.3442470359373
2061.5	-25.5305640372744
2063.5	-26.8387229142409
2065.5	-18.6174712696375
2067.5	-21.2417041411773
2069.5	-32.0850553452606
2071.5	-26.4476406242979
2073.5	-5.28813690025618
2075.5	-16.5283570810939
2077.5	-17.6388033397989
2079.5	-21.528977530555
2081.5	-15.667769990288
2083.5	-26.3991737444321
2085.5	-17.2589734693943
2087.5	-19.0710531755949
2089.5	-18.111713688214
2091.5	-18.501919732711
2093.5	-26.0557409187827
2095.5	-18.9571767051957
2097.5	-20.4245678253669
2099.5	-20.1845063034889
2101.5	-31.7012950193621
2103.5	-30.9532018635859
2105.5	-13.7349230018212
2107.5	-19.0029449514905
2109.5	-19.9873528940898
2111.5	-23.148330277997
2113.5	-15.9928552070674
2115.5	-27.8796642224911
2117.5	-17.9703869645746
2119.5	-25.8798257639983
2121.5	-17.5208729214551
2123.5	-18.899700735838
2125.5	-23.5165866939742
2127.5	-25.8294074345681
2129.5	-19.6864169941427
2131.5	-27.8723568289784
2133.5	-14.2826498138161
2135.5	-28.4326979143339
2137.5	-25.7143785007747
2139.5	-21.7535816927038
2141.5	-13.6047827976026
2143.5	-15.9609671042676
2145.5	-21.1978584170424
2147.5	-18.4216854038309
2149.5	-21.4368531781497
2151.5	-21.513233315181
2153.5	-9.12027913184647
2155.5	-19.9709008203777
2157.5	-25.3021717908723
2159.5	-8.91004882181369
2161.5	-18.1997127407312
2163.5	-20.9345003988324
2165.5	-22.8798520087289
2167.5	-18.4888079555412
2169.5	-34.5312456266975
2171.5	-19.8812433178909
2173.5	-14.3214478975501
2175.5	-20.707490106699
2177.5	-23.417068430233
2179.5	-26.7057853711431
2181.5	-23.4137444129747
2183.5	-23.0544414542901
2185.5	-12.9318229192277
2187.5	-23.0866568656456
2189.5	-19.7121081209161
2191.5	-28.1357384470166
2193.5	-20.7393699474464
2195.5	-23.4226118727161
2197.5	-28.7417643134954
2199.5	-26.419413870266
2201.5	-19.6364678690879
2203.5	-22.0549621571381
2205.5	-15.1054093891812
2207.5	-16.5512310617219
2209.5	-18.6090404824681
2211.5	-22.2552157579248
2213.5	-37.3552121504458
2215.5	-15.7174975696494
2217.5	-30.0426775986971
2219.5	-18.5619952394272
2221.5	-19.0842274899642
2223.5	-18.8103806506047
2225.5	-17.797025149001
2227.5	-21.8447064113611
2229.5	-27.6315808864861
2231.5	-11.464995845768
2233.5	-20.1234624237072
2235.5	-24.6848561299003
2237.5	-23.3341774141663
2239.5	-25.9467504936838
2241.5	-12.4612734294369
2243.5	-13.4113634691143
2245.5	-17.9689238340748
2247.5	-22.7711513618597
2249.5	-20.1190167637797
2251.5	-19.9360209407623
2253.5	-16.9304124217047
2255.5	-20.5591857232494
2257.5	-25.2772201609287
2259.5	-25.5964332021581
2261.5	-15.9118946951289
2263.5	-22.4718281558626
2265.5	-25.0534634518881
2267.5	-26.293251350955
2269.5	-25.4763430946164
2271.5	-21.7295104948421
2273.5	-18.2248308837643
2275.5	-24.1105995041812
2277.5	-12.6799913762538
2279.5	-28.9748589276605
2281.5	-16.6544255111926
2283.5	-22.4290555707676
2285.5	-29.7813074677938
2287.5	-30.5003988646304
2289.5	-20.9021740861922
2291.5	-28.3824707679128
2293.5	-31.5392420491844
2295.5	-20.6440060464179
2297.5	-19.4466636402444
2299.5	-18.1097169847676
2301.5	-23.1042639921475
2303.5	-21.2047334225367
2305.5	-27.4243453454037
2307.5	-30.3966469575303
2309.5	-20.8981667916614
2311.5	-26.4953979249517
2313.5	-20.8746970167526
2315.5	-25.6293693298958
2317.5	-22.9744817555588
2319.5	-32.9270515477074
2321.5	-23.7473543729275
2323.5	-16.8126452777487
2325.5	-20.9923349135211
2327.5	-21.7295180798774
2329.5	-29.6494158313576
2331.5	-12.6127393347601
2333.5	-27.068258669789
2335.5	-26.7953909688822
2337.5	-22.7998664890674
2339.5	-27.3895504864076
2341.5	-11.5666269684534
2343.5	-26.7358990105017
2345.5	-29.4953697574269
2347.5	-25.6728376943993
2349.5	-22.2656007734886
2351.5	-25.2941843015692
2353.5	-20.4090241500794
2355.5	-27.1780041664797
2357.5	-29.1880589723942
2359.5	-26.0628365421398
2361.5	-41.6144259310895
2363.5	-18.9815133844004
2365.5	-12.2655088715396
2367.5	-24.4962855854242
2369.5	-21.6498350723464
2371.5	-21.7560997049704
2373.5	-23.2122436317427
2375.5	-25.8852111511624
2377.5	-23.4933676701353
2379.5	-27.8459779891382
2381.5	-21.1870188269777
2383.5	-30.1409995526342
2385.5	-12.0502635096618
2387.5	-16.2861393857734
2389.5	-22.6648122633542
2391.5	-31.3971620945395
2393.5	-27.0012116799762
2395.5	-21.3094576448007
2397.5	-19.5267446754096
2399.5	-27.5619560152832
2401.5	-22.8287572307208
2403.5	-13.1519582712572
2405.5	-21.105621988127
2407.5	-16.8267490244625
2409.5	-23.5236827101726
2411.5	-18.4354556989906
2413.5	-29.8396943884277
2415.5	-22.233588207408
2417.5	-27.5227755744168
2419.5	-31.2795977166429
2421.5	-22.3195970828665
2423.5	-25.0986027088738
2425.5	-24.6295273584492
2427.5	-26.1926131733899
2429.5	-23.7221402705873
2431.5	-24.544984259313
2433.5	-26.2613246530245
2435.5	-31.7176706110909
2437.5	-22.0069827081652
2439.5	-27.2888145139964
2441.5	-19.8479428178584
2443.5	-30.3798299580071
2445.5	-22.9130577234259
2447.5	-19.9115482313096
2449.5	-22.7546306011768
2451.5	-29.0665686804123
2453.5	-25.7022647826234
2455.5	-29.970104333378
2457.5	-15.9133949328448
2459.5	-22.4149812690375
2461.5	-24.8219925460744
2463.5	-14.5072942365205
2465.5	-33.4442219070752
2467.5	-37.3277638880968
2469.5	-25.1101551610577
2471.5	-22.234564053299
2473.5	-29.3468336881924
2475.5	-16.4646067483759
2477.5	-30.1165511362915
2479.5	-22.5917670523881
2481.5	-20.3838423753346
2483.5	-24.2827836080619
2485.5	-28.3482702160622
2487.5	-22.421609516236
2489.5	-31.6052674348152
2491.5	-20.4315545749546
2493.5	-16.7825675662198
2495.5	-29.9566963020011
2497.5	-26.3168105249683
2499.5	-28.1031884512536
2501.5	-34.0557538736675
2503.5	-25.9428706696149
2505.5	-27.8198998222783
2507.5	-20.4318450447131
2509.5	-24.2113736890228
2511.5	-24.627164786596
2513.5	-36.1719047186834
2515.5	-30.1282491909319
2517.5	-17.3059301697917
2519.5	-23.3567591496676
2521.5	-18.5962957089841
2523.5	-17.6062196095941
2525.5	-23.2363658895565
2527.5	-18.6193517604866
2529.5	-15.1103318031828
2531.5	-14.3934733704546
2533.5	-27.5671699960494
2535.5	-23.4335039575162
2537.5	-26.3383164566771
2539.5	-19.6885269782856
2541.5	-34.5251481564869
2543.5	-23.6188199066496
2545.5	-24.2530566556093
2547.5	-22.303915073896
2549.5	-21.5854278868992
2551.5	-24.6966654736302
2553.5	-20.6679863486361
2555.5	-21.8004189378839
2557.5	-22.5386943656335
2559.5	-15.8110917320814
2561.5	-19.7741816678813
2563.5	-20.9527721485265
2565.5	-29.8145968568024
2567.5	-18.8232595853356
2569.5	-31.2701753054662
2571.5	-15.7678746809788
2573.5	-18.4592888837278
2575.5	-20.3589246736278
2577.5	-26.2501721529679
2579.5	-25.0218032985576
2581.5	-37.2777806819099
2583.5	-16.9568843838642
2585.5	-22.5393002518813
2587.5	-20.681759116113
2589.5	-24.2762912901994
2591.5	-28.5100319984363
2593.5	-33.5233575516354
2595.5	-22.7741427902693
2597.5	-17.7659823533813
2599.5	-24.9527353125886
2601.5	-25.6605110621958
2603.5	-26.3714286605468
2605.5	-35.6202629088107
2607.5	-24.9068314698698
2609.5	-32.7561352366897
2611.5	-28.3136709919459
2613.5	-34.4422865146294
2615.5	-25.3223730376717
2617.5	-17.8881281073332
2619.5	-25.2018948519712
2621.5	-25.7562989638468
2623.5	-25.2734271591717
2625.5	-30.1019691874776
2627.5	-24.8485802031082
2629.5	-17.375156271145
2631.5	-35.6319367351693
2633.5	-16.0244327374298
2635.5	-24.7011090638134
2637.5	-30.193132000597
2639.5	-23.3819672652448
2641.5	-22.0372350731427
2643.5	-17.5676955007639
2645.5	-29.7063991794453
2647.5	-18.6705244879722
2649.5	-28.4326469316084
2651.5	-22.9298571119202
2653.5	-24.101859964017
2655.5	-33.560315365663
2657.5	-23.5769732722852
2659.5	-23.0670393652699
2661.5	-32.9603419330601
2663.5	-30.2589088169925
2665.5	-28.6930542719092
2667.5	-29.8499391999803
2669.5	-11.4442461595049
2671.5	-21.1920988246034
2673.5	-27.4124550617071
2675.5	-24.6043995949826
2677.5	-23.72332159796
2679.5	-23.857736232801
2681.5	-25.5812775558934
2683.5	-28.7216198541864
2685.5	-27.958404472392
2687.5	-30.0110841609749
2689.5	-32.361816038796
2691.5	-38.5043939047696
2693.5	-32.009041574393
2695.5	-34.1690694197396
2697.5	-26.692047078709
2699.5	-34.2887177152438
2701.5	-21.5680365084463
2703.5	-26.5728267906006
2705.5	-20.8612068489124
2707.5	-17.4923791336937
2709.5	-27.2362279796889
2711.5	-19.3310646644904
2713.5	-21.0451967587319
2715.5	-20.6254217761129
2717.5	-22.6433007473074
2719.5	-28.8757724586267
2721.5	-30.840753282394
2723.5	-27.0294382788202
2725.5	-26.8528653231956
2727.5	-32.5225806431904
2729.5	-34.8353057150252
2731.5	-31.2381069076305
2733.5	-33.5093745004551
2735.5	-26.2294517493292
2737.5	-25.459339669168
2739.5	-26.2796827325014
2741.5	-23.0200850524789
2743.5	-25.3397106935822
2745.5	-24.0248430538409
2747.5	-25.9927069670712
2749.5	-39.4556646580804
2751.5	-24.1498009789161
2753.5	-25.7351852239158
2755.5	-26.9535170313006
2757.5	-19.0240704717762
2759.5	-33.2484731436407
2761.5	-34.7044668620729
2763.5	-37.1559660209546
2765.5	-30.1328053505754
2767.5	-32.057532582749
2769.5	-26.4589583861298
2771.5	-25.8535107418688
2773.5	-25.2571511715691
2775.5	-26.4549550585684
2777.5	-19.6238651810904
2779.5	-21.1064408996749
2781.5	-24.9108071319524
2783.5	-26.5358179943023
2785.5	-21.3105076615457
2787.5	-30.0543190602143
2789.5	-29.1031004656816
2791.5	-32.3541166883292
2793.5	-19.340700124982
2795.5	-27.6091147614316
2797.5	-28.5122257695994
2799.5	-25.2501038307751
2801.5	-20.6231797479318
2803.5	-24.8413301281062
2805.5	-34.3228155011088
2807.5	-29.7135479407239
2809.5	-20.8610421370563
2811.5	-22.1675419221751
2813.5	-30.0119127043645
2815.5	-28.5758321238136
2817.5	-29.0323059681709
2819.5	-23.425497459868
2821.5	-32.4865160784757
2823.5	-23.2150295384886
2825.5	-28.1502052894484
2827.5	-28.6255494139596
2829.5	-23.369336467978
2831.5	-29.1355922721864
2833.5	-20.4023962825054
2835.5	-27.2812100180981
2837.5	-25.6286118589278
2839.5	-31.6124005551069
2841.5	-20.5638798905443
2843.5	-27.7551306410373
2845.5	-26.8286430117287
2847.5	-26.329379388369
2849.5	-32.7501678395711
2851.5	-22.2395035674253
2853.5	-37.6908357218108
2855.5	-27.4101050983677
2857.5	-21.0046505066725
2859.5	-25.8576831270757
2861.5	-28.8472933429421
2863.5	-28.0711968784908
2865.5	-31.2740027351479
2867.5	-32.6293306508633
2869.5	-24.5055796369325
2871.5	-31.1331672784213
2873.5	-27.1122875192414
2875.5	-25.9742024867296
2877.5	-20.8350156010247
2879.5	-31.1944779178598
2881.5	-34.9275845691218
2883.5	-31.5215697082731
2885.5	-26.2990425157759
2887.5	-31.9276815720837
2889.5	-21.5499664240397
2891.5	-28.2888969950445
2893.5	-26.6052136413828
2895.5	-31.5198278861585
2897.5	-35.6592277683449
2899.5	-27.3159403774016
2901.5	-30.3155578859551
2903.5	-25.8879466525168
2905.5	-17.1756057444836
2907.5	-25.9764234831778
2909.5	-26.6973997196105
2911.5	-34.2907843748621
2913.5	-31.0441371575671
2915.5	-39.5312799441026
2917.5	-23.3151849646997
2919.5	-34.9719370799835
2921.5	-21.5498691351663
2923.5	-28.832577033249
2925.5	-25.7780926107034
2927.5	-29.9680004460615
2929.5	-25.1246525459669
2931.5	-28.9303157346185
2933.5	-26.7849384847241
2935.5	-32.4365445587914
2937.5	-25.7299887853678
2939.5	-29.625310427894
2941.5	-25.6227790862049
2943.5	-31.5985216277263
2945.5	-28.1765696329203
2947.5	-28.130899824323
2949.5	-26.1014735984572
2951.5	-32.4169786249217
2953.5	-28.9796018943584
2955.5	-28.7000891137759
2957.5	-31.2828807736078
2959.5	-26.9007615931782
2961.5	-25.2613810944622
2963.5	-29.9271652755033
2965.5	-29.8236868385893
2967.5	-31.8366341504943
2969.5	-26.2428864869376
2971.5	-34.7422774009415
2973.5	-36.3495245738368
2975.5	-27.002521358475
2977.5	-22.6909589285533
2979.5	-28.8834374071166
2981.5	-35.2042974241199
2983.5	-28.0764234152698
2985.5	-19.5331459534168
2987.5	-30.8993877543248
2989.5	-31.1337151382045
2991.5	-30.7682980695377
2993.5	-21.4614597656473
2995.5	-23.9455678128065
2997.5	-23.4767996019868
2999.5	-28.6906284304987
3001.5	-27.946378119495
3003.5	-28.7470031388307
3005.5	-34.127281033178
3007.5	-26.4109772623829
3009.5	-38.205425099477
3011.5	-25.78928337144
3013.5	-26.0370331103077
3015.5	-29.8540441297268
3017.5	-22.3098965542908
3019.5	-27.6874827943711
3021.5	-25.8618248777925
3023.5	-25.3350512809056
3025.5	-26.4392440892161
3027.5	-24.703528846127
3029.5	-21.3032395597083
3031.5	-33.9043548672416
3033.5	-33.2532336206914
3035.5	-27.0219541450492
3037.5	-24.4670942899761
3039.5	-29.6261664688609
3041.5	-32.7405995578147
3043.5	-31.7942996122852
3045.5	-21.7886764198061
3047.5	-26.6558487248208
3049.5	-29.0255449761539
3051.5	-25.6143335843576
3053.5	-26.6864593087271
3055.5	-21.9119463944239
3057.5	-34.7289613800258
3059.5	-19.8142728769149
3061.5	-20.7722664415701
3063.5	-27.169971054544
3065.5	-27.8333980952052
3067.5	-36.5781467520906
3069.5	-29.3178634687556
3071.5	-34.1085220172909
3073.5	-31.9317942368461
3075.5	-26.9570191511607
3077.5	-27.0213132987474
3079.5	-27.5359902188184
3081.5	-28.4681440646796
3083.5	-31.2502885835211
3085.5	-29.839018177629
3087.5	-25.6656565552926
3089.5	-32.3035534816895
3091.5	-28.1060440165115
3093.5	-25.1020750404778
3095.5	-30.4800927386123
3097.5	-20.7229016840693
3099.5	-30.0636309981351
3101.5	-23.3826808019926
3103.5	-31.4515720150921
3105.5	-31.3933159634207
3107.5	-29.1198596409172
3109.5	-33.4423509503804
3111.5	-30.9552666693444
3113.5	-28.7504826866225
3115.5	-27.6037378695851
3117.5	-30.5964889962752
3119.5	-32.9088705157656
3121.5	-29.0651506235963
3123.5	-34.4885820969275
3125.5	-30.2699780732237
3127.5	-27.4833300655037
3129.5	-31.2816478967165
3131.5	-22.4718917543642
3133.5	-33.5584017093715
3135.5	-21.6778685211516
3137.5	-17.0857444089906
3139.5	-21.9562561000589
3141.5	-38.7817814582395
3143.5	-24.4844076963454
3145.5	-29.2728248785229
3147.5	-37.157861900404
3149.5	-32.526403950726
3151.5	-25.5106131617863
3153.5	-24.7717220175214
3155.5	-33.2547834889497
3157.5	-27.2968837509279
3159.5	-30.402288949811
3161.5	-28.4530254746464
3163.5	-30.9562801075308
3165.5	-24.9768391129392
3167.5	-19.6235443696905
3169.5	-27.851526466316
3171.5	-23.8079973189083
3173.5	-33.949594380018
3175.5	-30.3969986858447
3177.5	-29.5856098961926
3179.5	-35.1426219079813
3181.5	-31.853344010417
3183.5	-27.1138586146744
3185.5	-24.1639902076622
3187.5	-25.7637714360153
3189.5	-31.57060684213
3191.5	-25.3234644239869
3193.5	-34.4781612161801
3195.5	-31.8838556240303
3197.5	-43.8692846444233
3199.5	-29.5232444928588
3201.5	-27.1341609876067
3203.5	-28.3843467664233
3205.5	-30.4482876732527
3207.5	-31.4812229124755
3209.5	-21.6456874029773
3211.5	-28.3852716277215
3213.5	-28.8765684015557
3215.5	-31.8935562100964
3217.5	-25.272375096105
3219.5	-20.2026158715626
3221.5	-24.2911499477841
3223.5	-24.9975912947189
3225.5	-30.6650489460362
3227.5	-17.8399022522258
3229.5	-25.6616477721077
3231.5	-27.6491551981835
3233.5	-26.0925254666831
3235.5	-28.7686431676243
3237.5	-28.3209568031775
3239.5	-31.2148135527132
3241.5	-23.2979672291217
3243.5	-19.6742258054473
3245.5	-26.3161117010864
3247.5	-27.2685749996695
3249.5	-49.3395167545455
3251.5	-29.5331654352576
3253.5	-28.9315283347669
3255.5	-22.1502323002701
3257.5	-36.7331914890974
3259.5	-29.1388796627189
3261.5	-30.4254012119404
3263.5	-24.7026639371506
3265.5	-26.6598348950442
3267.5	-23.6874935426918
3269.5	-25.9855477051224
3271.5	-24.7195665212853
3273.5	-19.1770646183268
3275.5	-25.2771934721613
3277.5	-26.39535552707
3279.5	-34.49431140568
3281.5	-19.5515297450029
3283.5	-19.5371217102866
3285.5	-22.8136917618381
3287.5	-31.3148383337075
3289.5	-28.9668986406232
3291.5	-31.9249716725312
3293.5	-26.3738053806414
3295.5	-33.8299762542265
3297.5	-28.4068554439455
3299.5	-22.8723212856316
3301.5	-26.7760004722732
3303.5	-30.0134643083156
3305.5	-35.7077476009927
3307.5	-33.9421287053224
3309.5	-40.8257542487595
3311.5	-34.1342539249654
3313.5	-29.0459173672612
3315.5	-34.6959435354024
3317.5	-24.1221028300633
3319.5	-38.5609547245926
3321.5	-37.8893712282556
3323.5	-27.1843514043403
3325.5	-27.247611573709
3327.5	-14.1377782778854
3329.5	-21.0860937216298
3331.5	-28.6962868105834
3333.5	-40.5287198831079
3335.5	-29.1609890770242
3337.5	-29.2478726070035
3339.5	-32.1060132485331
3341.5	-30.7743986253363
3343.5	-29.6488351464914
3345.5	-28.765937311302
3347.5	-30.9287494604273
3349.5	-32.4788814459316
3351.5	-28.4025449527435
3353.5	-32.153385247515
3355.5	-35.6027893203477
3357.5	-18.1300355317771
3359.5	-31.4894637117868
3361.5	-36.6383674955841
3363.5	-22.9527204170713
3365.5	-26.1409290480915
3367.5	-29.186145993172
3369.5	-26.2059890848154
3371.5	-35.4276249340005
3373.5	-28.2609782264171
3375.5	-22.6726116844457
3377.5	-36.8003760985071
3379.5	-29.9426607296505
3381.5	-29.8237024829064
3383.5	-28.3395470671185
3385.5	-26.1888252454505
3387.5	-32.9211132265505
3389.5	-27.579227915639
3391.5	-30.1749925991335
3393.5	-26.4098026630741
3395.5	-24.5107146362238
3397.5	-32.2929229771253
3399.5	-24.8284491268314
3401.5	-33.3941523080325
3403.5	-33.6198686286398
3405.5	-28.7935665510954
3407.5	-30.5576450672306
3409.5	-35.5506172400646
3411.5	-34.0773632957321
3413.5	-27.3219302587063
3415.5	-34.3873918010522
3417.5	-34.2801829604296
3419.5	-26.7681598347208
3421.5	-27.412582083447
3423.5	-27.9478585239726
3425.5	-31.5077323501455
3427.5	-33.2838658379205
3429.5	-29.7726866074217
3431.5	-38.9204738477038
3433.5	-27.5261659165071
3435.5	-30.7846789088217
3437.5	-31.0578231578938
3439.5	-31.7930302019086
3441.5	-25.5586092560566
3443.5	-26.5188018249846
3445.5	-27.1321406800839
3447.5	-35.8887339164226
3449.5	-25.4992553154566
3451.5	-27.9448527472787
3453.5	-39.5128912464097
3455.5	-25.1276557776532
3457.5	-26.5855757489044
3459.5	-24.8007655040469
3461.5	-15.8708771175334
3463.5	-32.7585968285744
3465.5	-26.3769930414551
3467.5	-27.0629641517207
3469.5	-26.5288112006447
3471.5	-42.4656829401329
3473.5	-27.6451201678451
3475.5	-23.0882164732657
3477.5	-34.7650563920783
3479.5	-26.5649918721974
3481.5	-25.1241800900916
3483.5	-25.467174927021
3485.5	-32.7185987778867
3487.5	-37.5529790191003
3489.5	-29.9807509354455
3491.5	-24.77930039989
3493.5	-26.5244968988882
3495.5	-25.0824755570525
3497.5	-36.3855651498266
3499.5	-40.4725362171694
3501.5	-32.8885641424631
3503.5	-26.3495176169431
3505.5	-25.8908220434159
3507.5	-31.4085932382454
3509.5	-32.2568159999287
3511.5	-45.5958107657066
3513.5	-30.6140059605609
3515.5	-29.9651561095097
3517.5	-28.5412431512959
3519.5	-29.2362201120195
3521.5	-27.7337473170023
3523.5	-28.2796168866103
3525.5	-34.0580660172168
3527.5	-31.7561393443407
3529.5	-30.6539551411583
3531.5	-30.4780314096188
3533.5	-30.8452474013238
3535.5	-39.7751560323591
3537.5	-35.4880879712919
3539.5	-27.4649119476549
3541.5	-26.6216030912242
3543.5	-26.1236159882533
3545.5	-43.2312497796074
3547.5	-26.0607295996074
3549.5	-27.6504748014659
3551.5	-28.3560402819521
3553.5	-29.7793716341348
3555.5	-26.7942050952788
3557.5	-32.3256496406589
3559.5	-30.0463028434951
3561.5	-36.3484371723821
3563.5	-19.0828489300779
3565.5	-30.5527713251613
3567.5	-27.6914500063008
3569.5	-30.1247611606632
3571.5	-23.2589405490985
3573.5	-29.2740187113559
3575.5	-25.004170470736
3577.5	-22.9375340021279
3579.5	-40.5366301527793
3581.5	-32.6551104836931
3583.5	-31.3112412371561
3585.5	-25.7215721108973
3587.5	-37.9735885399568
3589.5	-36.2389227303206
3591.5	-35.1216641014303
3593.5	-31.5308773785177
3595.5	-36.1353577979826
3597.5	-31.1827909919484
3599.5	-29.7708362871153
3601.5	-34.3400006797438
3603.5	-32.8288853012059
3605.5	-32.0244734661678
3607.5	-24.5498453216196
3609.5	-30.4247362501683
