1.5	-4.132061256003
3.5	2.53621695874062
5.5	-3.0935330061393
7.5	-3.038211799696
9.5	-11.3048598306787
11.5	-5.251639300639
13.5	-3.08727762778472
15.5	-5.58707842722015
17.5	-3.18786425457802
19.5	-5.65815690978252
21.5	-4.70436422416969
23.5	-2.17603380679338
25.5	-6.96373420043892
27.5	-6.14384135572436
29.5	-10.384925646752
31.5	0.152681955599292
33.5	-10.7099412190637
35.5	5.29599193988179
37.5	0.94251306897695
39.5	-6.19242133949865
41.5	-3.29919990084454
43.5	-4.4338514462861
45.5	-0.863457600571564
47.5	0.537052222435705
49.5	-10.3091116508922
51.5	-7.04997692485631
53.5	0.637104157745853
55.5	-5.64902308360797
57.5	-5.67087188056939
59.5	0.07640553328838
61.5	-11.9857528533785
63.5	0.594915460249467
65.5	-6.07936287710345
67.5	-4.56033358348759
69.5	3.53232317885158
71.5	-5.2126749635554
73.5	-0.706845831316059
75.5	2.56120645126339
77.5	0.896448711604535
79.5	-4.69852729051308
81.5	-6.51902268937465
83.5	0.369963841324534
85.5	1.92897134434861
87.5	1.70295949732099
89.5	-2.78436863426123
91.5	-7.56070684600854
93.5	8.99431610748979
95.5	-5.51894527904005
97.5	-1.03420654446018
99.5	-14.2534294235793
101.5	5.61525550864735
103.5	-6.13768854183581
105.5	-4.05168354786565
107.5	-5.69850270808911
109.5	-0.873496260993306
111.5	9.20954296589116
113.5	1.32815508140447
115.5	-8.76027241575775
117.5	2.43467972546841
119.5	-2.51173285457207
121.5	-2.05512860297313
123.5	0.916443956584772
125.5	-3.52758442027971
127.5	-0.766677727181559
129.5	-3.19385137502923
131.5	-5.94182660744809
133.5	-1.9771333054241
135.5	-4.45776042660236
137.5	-1.38065628640561
139.5	-0.943664718063701
141.5	1.9157765711916
143.5	9.07600265241126
145.5	-2.96220144276595
147.5	2.52107648286983
149.5	-2.37345927618389
151.5	-4.73054630779461
153.5	0.228199014460188
155.5	-9.34767566301161
157.5	4.50372791989685
159.5	0.740746643329658
161.5	4.27206493035283
163.5	-0.649635406620291
165.5	-3.38198864854166
167.5	-2.94440230370037
169.5	-3.24763966557111
171.5	-11.8088980859302
173.5	-2.52709531624623
175.5	-4.38897266025015
177.5	-1.18217826527507
179.5	3.65296986736575
181.5	-8.67050311314779
183.5	-10.7165958444621
185.5	-5.69876002336332
187.5	-15.3394186067062
189.5	-7.65906300999995
191.5	2.33773748759904
193.5	-2.96670329738299
195.5	-13.7592380233564
197.5	-2.12095980137019
199.5	0.0734656616823486
201.5	0.744023559087509
203.5	-5.66446836405066
205.5	-4.45131674316599
207.5	-5.79697703026432
209.5	-4.60819955382522
211.5	-3.30342772046242
213.5	1.88715467266775
215.5	-2.33236492515698
217.5	-7.16579103784534
219.5	-10.9304131586787
221.5	1.69686110270686
223.5	-6.22248287354978
225.5	-6.32536596442151
227.5	-9.14925930773279
229.5	-0.25445636123095
231.5	-3.97165497960304
233.5	2.6146423395212
235.5	-6.55215603474971
237.5	5.49391195631142
239.5	-1.16459459435282
241.5	-3.18858108656241
243.5	-7.09303524096686
245.5	5.08121693535031
247.5	-0.624250443857818
249.5	2.99486110205453
251.5	-1.62547787277799
253.5	-2.24540817800971
255.5	-5.27746208386179
257.5	-2.41463898176607
259.5	0.0900756587516298
261.5	-9.97145988311058
263.5	2.83177956185955
265.5	-14.877915506273
267.5	4.08912040792347
269.5	-1.18900629474319
271.5	-8.44936102172142
273.5	-7.04044675662135
275.5	-3.87565708158218
277.5	-8.53080808615505
279.5	-8.25205734545216
281.5	-2.68133603236402
283.5	11.6713338823847
285.5	-3.5041653563012
287.5	-1.15919671277425
289.5	-7.54530994871493
291.5	4.07241724413234
293.5	-3.87377877797007
295.5	-10.1443253391635
297.5	3.46675685794071
299.5	-9.8838948566945
301.5	-1.2134108577211
303.5	2.44224988962651
305.5	2.90043862540188
307.5	5.16121449098682
309.5	-4.91500296132017
311.5	-4.58182965921151
313.5	-11.9094898836074
315.5	-4.36966924888202
317.5	-9.34213255024679
319.5	-6.32977822428165
321.5	-6.2512954841477
323.5	-1.42923215409064
325.5	-5.56236964898017
327.5	-6.69449579285902
329.5	-2.43774756037055
331.5	1.9649464459917
333.5	-9.93000602372194
335.5	-3.04844479825442
337.5	2.58174529554799
339.5	0.31631735728115
341.5	2.86881519748658
343.5	7.01761724284643
345.5	-5.81354017459762
347.5	-2.67773436464722
349.5	6.25096099893744
351.5	-7.378994430901
353.5	2.81223637422954
355.5	-4.63434176431474
357.5	-7.3782261381175
359.5	-5.83531255816797
361.5	4.91261033644241
363.5	-5.61409080364501
365.5	1.13899651800966
367.5	4.48445858634022
369.5	-9.61096124745382
371.5	-2.21619413830649
373.5	-7.07102639387995
375.5	-6.03276297173761
377.5	-1.23748071799218
379.5	2.22070234698731
381.5	-0.478587512985541
383.5	0.789425616438166
385.5	-6.19867341140343
387.5	-6.87129256168919
389.5	-5.08677729876945
391.5	0.613960191285514
393.5	-7.47832665426631
395.5	-0.720839748288199
397.5	12.2862972923458
399.5	4.23608374922514
401.5	-1.74964973797796
403.5	2.35847968492362
405.5	-6.31349442249393
407.5	-2.46540551115595
409.5	-5.34649650375195
411.5	0.016852299936545
413.5	-7.3794608729122
415.5	4.30977344907569
417.5	-11.5131867025311
419.5	4.95987006073392
421.5	-4.54367107161306
423.5	-3.43010074957601
425.5	-2.26913136685198
427.5	2.25647126354215
429.5	-10.5156215482066
431.5	-3.49543883508613
433.5	-5.35863945050733
435.5	0.283088337586378
437.5	-7.99324601552144
439.5	-0.360252550984114
441.5	-5.31209029206275
443.5	-1.89473063099649
445.5	7.41298844238463
447.5	-3.26142323720069
449.5	9.12078662112071
451.5	-9.2258455959045
453.5	-1.0607150986134
455.5	-11.4911132412417
457.5	-14.6724692955077
459.5	0.120681631238767
461.5	1.33324309949694
463.5	-1.34929836846004
465.5	-7.22526246893722
467.5	7.09897265609379
469.5	1.05152304226704
471.5	-0.838999896460336
473.5	3.49697020066469
475.5	4.01870400387634
477.5	-1.06877881950732
479.5	9.48824604830861
481.5	9.77165535570202
483.5	-7.52173179159945
485.5	9.78701573779472
487.5	-10.5818846600232
489.5	-8.02334159401926
491.5	9.52632458801963
493.5	0.50172895275773
495.5	-6.92539643458076
497.5	-2.67183301415116
499.5	-5.69189830554205
501.5	-6.82354986155769
503.5	-5.22524845770113
505.5	-4.47997951384605
507.5	0.169568867619091
509.5	-8.1142014366651
511.5	-2.65083611742921
513.5	4.54828404303589
515.5	4.39229750227605
517.5	-6.55252074862256
519.5	-0.602584128574563
521.5	-4.3554233495488
523.5	-9.20330995980567
525.5	1.11785039730967
527.5	-3.80605890632069
529.5	0.0503380110067155
531.5	5.65715831345096
533.5	1.75476711816282
535.5	2.95576096766217
537.5	0.423314756139007
539.5	-3.89121694565802
541.5	-6.63563977101967
543.5	-1.75985735624363
545.5	0.391815858583868
547.5	9.53928021074898
549.5	-3.12098550512201
551.5	6.70427155139259
553.5	-2.97979736023444
555.5	-4.88825593601086
557.5	-0.689003614143985
559.5	-0.00437098394650093
561.5	-5.62586570886742
563.5	7.4642585565316
565.5	1.84354968310527
567.5	-9.24777582620573
569.5	-1.33914197707509
571.5	4.57976282828622
573.5	2.60216977939945
575.5	-0.301885581839997
577.5	-1.43106105907646
579.5	-1.17924451174258
581.5	2.36485300664117
583.5	3.18730224975934
585.5	6.24120156241406
587.5	-2.86916555900552
589.5	3.41966238319037
591.5	0.114926141828619
593.5	6.79580560115937
595.5	-3.47634842439675
597.5	-7.55687474583829
599.5	-1.63128765037618
601.5	-13.3754029513257
603.5	-2.80425293927783
605.5	20.5222543181899
607.5	2.50699950330181
609.5	-5.16763631120011
611.5	1.55748615538505
613.5	0.29594710623951
615.5	-2.04814530447675
617.5	1.50905921827507
619.5	2.3859895967762
621.5	-7.79400435559728
623.5	5.60236083877226
625.5	-6.08775620897541
627.5	1.11574727191146
629.5	-2.52804679763904
631.5	2.21125787030269
633.5	-5.36840107200806
635.5	1.07035764082411
637.5	-1.38288369354177
639.5	-0.613279806614628
641.5	-1.77136609422087
643.5	4.72326190252898
645.5	1.085426183653
647.5	-4.97282492937484
649.5	0.0969882162089561
651.5	-0.305976725866458
653.5	-6.27623617817699
655.5	-4.49333887902867
657.5	-2.73072312643308
659.5	1.79199556844651
661.5	-11.8731709494014
663.5	-7.16129346677553
665.5	6.55666126284996
667.5	0.248653990069215
669.5	6.60646830332462
671.5	3.91741128644117
673.5	0.956691659318494
675.5	12.6098805659622
677.5	-1.39890527234911
679.5	-3.33460788222328
681.5	2.59937640423868
683.5	3.39702190765911
685.5	-2.2646198973016
687.5	-3.68764257135717
689.5	2.88616795258622
691.5	6.20778747259192
693.5	-1.14016911390991
695.5	-0.661355581298267
697.5	-4.82076004247938
699.5	-4.56165805061573
701.5	-0.220406085821196
703.5	0.581429009931526
705.5	-0.153030311244947
707.5	4.05384739010242
709.5	2.68363182508074
711.5	-0.591219795031975
713.5	-1.44367693468757
715.5	7.97868798633772
717.5	1.46339321523828
719.5	11.1047896642049
721.5	4.10650808889113
723.5	-3.32788298924879
725.5	1.11213209981543
727.5	5.31629538704601
729.5	-3.913021788474
731.5	-4.89763993258475
733.5	-0.929354812215024
735.5	0.740437330585337
737.5	8.51208828802555
739.5	1.42758893449809
741.5	-0.190316209121193
743.5	9.69407847882758
745.5	-6.11744312043174
747.5	-6.20892170227853
749.5	-5.10303837715219
751.5	-1.79312789130654
753.5	-15.2364541074958
755.5	-2.77290839180932
757.5	-8.45533195618282
759.5	-3.21401573237108
761.5	1.26279352009169
763.5	-0.279471195977749
765.5	7.03985467960683
767.5	-0.0547145798072961
769.5	1.47028340154611
771.5	-1.25356177329741
773.5	1.15219139548662
775.5	0.86077951430525
777.5	4.49117216683408
779.5	2.67460391440272
781.5	10.9411012058563
783.5	1.27335912051512
785.5	2.63332454160991
787.5	-1.42428104114879
789.5	4.2411067398989
791.5	0.967242473271654
793.5	6.39488678820908
795.5	-1.98968858037188
797.5	-2.35126735484027
799.5	-8.18445155969039
801.5	4.22624331645602
803.5	-2.6053662536533
805.5	-7.56538068429109
807.5	0.668727698365728
809.5	-2.70835244513728
811.5	7.71511844185625
813.5	2.66561049010033
815.5	-0.11705113302196
817.5	4.51952738245927
819.5	1.55261895932654
821.5	0.0583156490629335
823.5	6.14751351822542
825.5	-2.18900300663063
827.5	2.02809162302492
829.5	-3.87383090408093
831.5	0.62553462687174
833.5	10.093170782945
835.5	3.976652856295
837.5	-11.1966280984989
839.5	0.173962788382596
841.5	7.50524912414767
843.5	-3.89614667657133
845.5	-2.60640031381445
847.5	-0.375921681695218
849.5	-7.60361405599724
851.5	-7.5956960673393
853.5	-0.81818869471681
855.5	1.94229028298923
857.5	2.08759766523599
859.5	6.28981231604848
861.5	1.58449820911846
863.5	0.976170032776281
865.5	1.64043457951993
867.5	4.07732505007061
869.5	0.257737140975223
871.5	-3.15804712515455
873.5	-5.82413016818191
875.5	0.196345538834976
877.5	-1.20517461134477
879.5	9.89257248743979
881.5	9.98955069399744
883.5	-3.80909597548634
885.5	5.48113384443604
887.5	-2.50605164087301
889.5	-13.2997488759029
891.5	-1.92918900466429
893.5	8.08005937430698
895.5	7.25762340288838
897.5	-5.01694272477835
899.5	-0.0980091167648425
901.5	8.12788220136372
903.5	0.622186945832254
905.5	1.51859476006848
907.5	2.44718433786602
909.5	-11.934035322477
911.5	-2.06296065598235
913.5	2.98462718435894
915.5	2.62132459447093
917.5	-1.23422508933345
919.5	-1.11856847165654
921.5	-1.48273805835561
923.5	1.48694582355165
925.5	-5.18650298419288
927.5	9.93750143043144
929.5	6.56770897779006
931.5	5.04797265694469
933.5	2.11621000397918
935.5	-2.59779085120499
937.5	-3.52202980831134
939.5	8.0527196426865
941.5	-1.32570102073441
943.5	-2.90810781479286
945.5	7.94149001220194
947.5	-2.17050101193581
949.5	-6.15894774528715
951.5	-5.88811065855407
953.5	4.61868746284836
955.5	3.0667650766627
957.5	-1.77336389187622
959.5	-1.50907861155974
961.5	4.1362317627736
963.5	8.33300910335583
965.5	-1.71131311338377
967.5	-3.60591483577082
969.5	4.59463941801823
971.5	3.08161790176837
973.5	4.13598649622782
975.5	-3.55417971545012
977.5	1.57363069356325
979.5	7.44923513997128
981.5	15.4544388233417
983.5	3.72851359007018
985.5	-8.09167028932279
987.5	4.28229111750989
989.5	1.45084265012429
991.5	7.8903835497631
993.5	9.77453926818362
995.5	0.614980791352536
997.5	3.93250805028674
999.5	4.60006193126355
1001.5	-6.59507046238559
1003.5	10.2030676931736
1005.5	5.3935629431935
1007.5	0.273586334784341
1009.5	4.42334150777697
1011.5	6.26498142983564
1013.5	-5.03645452428282
1015.5	8.44149584968818
1017.5	6.31022483658398
1019.5	7.22168426545795
1021.5	11.5693536100143
1023.5	2.71378709910823
1025.5	-6.26365871816415
1027.5	0.761895543510036
1029.5	-5.18250868715859
1031.5	-0.746320222705435
1033.5	2.20038690288311
1035.5	3.73429904813383
1037.5	1.3867680592839
1039.5	15.3880512045789
1041.5	-1.25524686030258
1043.5	2.35490994847441
1045.5	-6.61222303555223
1047.5	-3.39329434166484
1049.5	-8.57771443056845
1051.5	1.84891120774955
1053.5	1.5100870844426
1055.5	10.4290519711512
1057.5	-0.466117717050111
1059.5	5.07264876601948
1061.5	0.490129250405516
1063.5	6.20960276888582
1065.5	3.77462602008472
1067.5	4.56845663358126
1069.5	4.28022900044107
1071.5	2.36542244458087
1073.5	2.91899907948209
1075.5	4.79503946484965
1077.5	11.2716456255112
1079.5	-9.31013367327705
1081.5	-2.78004244665954
1083.5	9.38358310310286
1085.5	0.350372085499657
1087.5	7.27093714750663
1089.5	6.41116880303798
1091.5	-0.522644156483693
1093.5	7.73329528582235
1095.5	11.3656767709326
1097.5	3.9078521035126
1099.5	0.108789672817693
1101.5	6.21011752964841
1103.5	-6.79495229402255
1105.5	4.26077083653945
1107.5	-0.122747887984588
1109.5	6.69071915182667
1111.5	-8.52597052365309
1113.5	3.95071927173012
1115.5	-2.50839673010159
1117.5	4.34547909354205
1119.5	-0.362883000585498
1121.5	12.9063678804223
1123.5	7.10912191579337
1125.5	0.767820437644332
1127.5	2.44812454569728
1129.5	-0.564778451320308
1131.5	1.15792898748077
1133.5	1.78989765608003
1135.5	-1.6711686606186
1137.5	10.2350031928436
1139.5	9.60821405796742
1141.5	8.08365737753957
1143.5	-2.28304216959623
1145.5	-0.314974520707437
1147.5	2.64047968843897
1149.5	5.21371130137959
1151.5	-1.12252132912181
1153.5	-0.697688257504524
1155.5	-0.330418121319781
1157.5	0.0210868155445496
1159.5	1.50799552024273
1161.5	4.33404131975476
1163.5	-6.7411551664818
1165.5	8.51168344688631
1167.5	-0.621074311414304
1169.5	1.1211013511238
1171.5	9.87519680347032
1173.5	0.573661666684529
1175.5	8.76712924951335
1177.5	2.95768451823733
1179.5	5.07556723381549
1181.5	5.52214606051348
1183.5	3.54789443796744
1185.5	9.06053546201292
1187.5	3.3621344514886
1189.5	-6.26631542317409
1191.5	6.20399133502087
1193.5	-2.90205920516291
1195.5	3.12053876083792
1197.5	0.643600025358865
1199.5	-2.6501551420306
1201.5	3.95491460661287
1203.5	-1.34394108750075
1205.5	8.77499774054468
1207.5	9.22921252892775
1209.5	3.29572381143589
1211.5	1.91268826968007
1213.5	6.02537069100981
1215.5	-3.11880129813562
1217.5	-1.98996669918324
1219.5	0.136210305046916
1221.5	-6.22143148884334
1223.5	14.0168778751768
1225.5	17.5073512013769
1227.5	-0.353130351893014
1229.5	5.53055451903037
1231.5	2.9139545479411
1233.5	1.64113398080372
1235.5	0.93900767852756
1237.5	-3.67080523250843
1239.5	8.06129255847918
1241.5	8.45224015765416
1243.5	3.71208201887657
1245.5	2.16382048629384
1247.5	-1.25096615486837
1249.5	14.5644889256582
1251.5	-3.71088227503151
1253.5	5.34900358957384
1255.5	3.62152362744109
1257.5	0.854667706462351
1259.5	16.381314056106
1261.5	-4.20556126371594
1263.5	16.8031404093763
1265.5	9.16868070528562
1267.5	1.75761648325806
1269.5	0.0123246199109417
1271.5	11.3392226515971
1273.5	5.62803686011466
1275.5	4.2073559178034
1277.5	7.92672054072409
1279.5	10.3714854993123
1281.5	3.32490342535493
1283.5	0.77085413471741
1285.5	6.60653688084676
1287.5	11.3604565507549
1289.5	15.3329359436702
1291.5	1.31408783476854
1293.5	0.904215760124316
1295.5	7.99002851086334
1297.5	0.50803987391555
1299.5	4.0222185192506
1301.5	11.6313533089397
1303.5	-1.48087119131651
1305.5	10.1800907453098
1307.5	0.018128557109776
1309.5	-0.307867207341587
1311.5	11.3568623062993
1313.5	-1.77556624479348
1315.5	4.34279981221607
1317.5	-3.39452624195928
1319.5	-3.26550380692788
1321.5	6.83246773271549
1323.5	-0.708230896884743
1325.5	9.79451739068099
1327.5	1.92845221464995
1329.5	2.55631868854289
1331.5	0.636510111155076
1333.5	-6.81528785996124
1335.5	8.68572561196834
1337.5	7.62251549903613
1339.5	4.13422191498739
1341.5	-1.06504893920101
1343.5	10.5618508014759
1345.5	10.4358556584975
1347.5	0.35844914673271
1349.5	3.46829038125634
1351.5	4.76008725109295
1353.5	-4.70144359774986
1355.5	-3.15963346855187
1357.5	3.88118648781801
1359.5	5.80890722955337
1361.5	8.95445651672162
1363.5	11.6875709527185
1365.5	12.1251482383277
1367.5	4.4523388149637
1369.5	5.91441653254788
1371.5	4.64050297704125
1373.5	5.56388549041549
1375.5	0.290113404612384
1377.5	9.13884891342514
1379.5	1.14561120924645
1381.5	2.47806782516545
1383.5	18.8293723538382
1385.5	5.27149785523034
1387.5	-3.07969117243192
1389.5	1.51208631874761
1391.5	2.88087311661002
1393.5	11.8471871709244
1395.5	7.04904490032732
1397.5	8.24076989959576
1399.5	4.65138802305046
1401.5	4.64240744888048
1403.5	17.3100735330554
1405.5	12.6006059318788
1407.5	1.5751702763273
1409.5	2.23249120174751
1411.5	3.12801253575981
1413.5	4.57287890449879
1415.5	3.8039002195901
1417.5	12.4419622580717
1419.5	10.4160801560884
1421.5	0.65351413839835
1423.5	2.7665770296353
1425.5	3.76830132331179
1427.5	-2.01289726330106
1429.5	12.9795324505703
1431.5	6.7181962352397
1433.5	8.64007391293671
1435.5	-3.59338597781152
1437.5	9.0512535100188
1439.5	1.07605608506856
1441.5	8.87242518006497
1443.5	2.5890727976257
1445.5	0.121444694294041
1447.5	7.30874793203748
1449.5	5.73789414546991
1451.5	6.37451484832582
1453.5	5.69136169119065
1455.5	-2.67728323021311
1457.5	4.26309839466921
1459.5	8.38227609881233
1461.5	0.995363202456247
1463.5	2.03456224552156
1465.5	10.6637702030139
1467.5	5.03429895713361
1469.5	4.1153517826906
1471.5	12.7855478279726
1473.5	-0.34264386995892
1475.5	9.49317359709767
1477.5	2.81982204934138
1479.5	2.11680726439499
1481.5	5.38852929417044
1483.5	5.45516596358539
1485.5	11.1200184937152
1487.5	9.43187617580315
1489.5	4.69549351487876
1491.5	7.56170128505801
1493.5	1.97900438355373
1495.5	15.977503528793
1497.5	0.389206259024832
1499.5	-2.64148698064491
1501.5	-3.3506474619353
1503.5	10.7825314898937
1505.5	2.15565587894253
1507.5	2.52626946748205
1509.5	8.55990944039877
1511.5	0.0611226647115473
1513.5	3.20274147824875
1515.5	5.51766367020628
1517.5	16.3793243161053
1519.5	1.078620445669
1521.5	11.7433458079477
1523.5	-1.9931758120656
1525.5	9.08716066774468
1527.5	10.0569160519035
1529.5	11.896476571962
1531.5	13.2117067772106
1533.5	3.86197692737551
1535.5	3.28340520209531
1537.5	8.75536613055829
1539.5	3.30387097899074
1541.5	-5.51591667804678
1543.5	-1.61368480909914
1545.5	10.1954783158044
1547.5	2.81985341774089
1549.5	7.23188323030627
1551.5	3.44237310700828
1553.5	10.2838303033723
1555.5	11.586665573639
1557.5	5.4527342676829
1559.5	14.0103564852134
1561.5	10.5309345104179
1563.5	5.2645760749383
1565.5	4.57716132833775
1567.5	15.7069564185176
1569.5	14.9847146141437
1571.5	9.37882834878565
1573.5	9.21897765394351
1575.5	18.4506297167636
1577.5	0.0241433193259581
1579.5	9.43963758336486
1581.5	8.12761196338761
1583.5	5.72340146313036
1585.5	-4.63406283338736
1587.5	1.74592531961025
1589.5	4.22371252510038
1591.5	0.64551436151487
1593.5	11.7329037328964
1595.5	6.90169568240799
1597.5	9.56389861606931
1599.5	10.8910043458573
1601.5	11.0987757633902
1603.5	12.3897140234858
1605.5	7.37224068933119
1607.5	6.58107758997721
1609.5	2.35919124645898
1611.5	18.6850523137082
1613.5	9.20935356504833
1615.5	-3.59217645531044
1617.5	15.02157493711
1619.5	19.0311311217274
1621.5	10.2990239059573
1623.5	10.4522095793263
1625.5	7.55597789991589
1627.5	7.52813212225374
1629.5	11.8691019144953
1631.5	8.56336306845515
1633.5	13.2338452524746
1635.5	11.0489076002741
1637.5	2.21102648427313
1639.5	7.72541854495648
1641.5	12.359080632039
1643.5	17.3931372283132
1645.5	10.9579909282747
1647.5	3.62699768291441
1649.5	-1.08963749392478
1651.5	7.26823419517405
1653.5	3.58245317966157
1655.5	13.6316577474267
1657.5	15.2565767235351
1659.5	9.71933397879138
1661.5	13.387493488869
1663.5	18.3145358867782
1665.5	12.2424323693422
1667.5	11.0209618877216
1669.5	-1.08307294244878
1671.5	4.22964199283615
1673.5	14.4798904281638
1675.5	6.36436554099555
1677.5	9.03356353921936
1679.5	18.1078857088933
1681.5	4.06749324864995
1683.5	11.5272313268565
1685.5	-0.373955547924652
1687.5	12.7828122573987
1689.5	8.31539618733632
1691.5	-2.84697063111616
1693.5	12.262276683331
1695.5	11.4747935055066
1697.5	20.9998793848567
1699.5	11.7074566754413
1701.5	16.6529062981549
1703.5	11.0884180406406
1705.5	14.8992878557401
1707.5	5.26809088135951
1709.5	5.67820504204974
1711.5	8.44305281281095
1713.5	11.4738499797036
1715.5	0.495172928832744
1717.5	15.8339511547724
1719.5	10.6693475442717
1721.5	14.2719814163061
1723.5	6.64570138292993
1725.5	3.56602239088261
1727.5	7.5292239112996
1729.5	15.4416633266605
1731.5	4.96029123104972
1733.5	11.0381540375174
1735.5	3.44933644644607
1737.5	11.0845058232353
1739.5	2.74271176544016
1741.5	7.9496561376036
1743.5	3.61128983801746
1745.5	14.5055789707667
1747.5	3.28598741388532
1749.5	5.31582707612597
1751.5	11.7615971803134
1753.5	9.74288925573956
1755.5	-7.94256456078256
1757.5	4.29570145031494
1759.5	0.189123366834792
1761.5	4.3204895126546
1763.5	19.3545814712097
1765.5	3.34981647414043
1767.5	9.38320684924429
1769.5	7.95663354520639
1771.5	12.009190907092
1773.5	3.39825128620441
1775.5	10.3218779768235
1777.5	8.69848560513174
1779.5	-2.17894456726071
1781.5	8.04865326654817
1783.5	2.39913363092774
1785.5	15.0813565169788
1787.5	7.48193054407284
1789.5	4.11587148405988
1791.5	5.58336297176174
1793.5	9.5579509999684
1795.5	7.8323775537383
1797.5	7.17983522735403
1799.5	8.75900215807405
1801.5	10.5155207971611
1803.5	6.04605625611248
1805.5	8.86164493911019
1807.5	5.4910689993726
1809.5	8.10788908620225
1811.5	9.12914854599921
1813.5	2.39819137244331
1815.5	7.64863351914846
1817.5	2.2206336168756
1819.5	2.3042036549823
1821.5	9.38807213269365
1823.5	6.68632351595716
1825.5	14.3585287760029
1827.5	16.4887224983941
1829.5	2.32159664075607
1831.5	7.18232218200228
1833.5	4.04276107456008
1835.5	9.45773241939196
1837.5	14.6074198228002
1839.5	10.957792484201
1841.5	8.87752395028792
1843.5	12.2108320542716
1845.5	12.5040218188669
1847.5	9.95952687913541
1849.5	2.84990522036423
1851.5	8.33937669281613
1853.5	10.8404405612218
1855.5	5.11061922037379
1857.5	15.8860883776447
1859.5	10.0965199535572
1861.5	8.42520345317416
1863.5	14.2104233164337
1865.5	0.160777500459972
1867.5	14.7488158856791
1869.5	13.7896933478432
1871.5	11.6937241837377
1873.5	8.98052601519339
1875.5	5.04819964731314
1877.5	13.0836430452596
1879.5	13.1077954665443
1881.5	14.2541297286402
1883.5	9.41715014531428
1885.5	17.3356178125505
1887.5	5.00745642470065
1889.5	1.67182491929452
1891.5	15.4776654630327
1893.5	8.15789535590466
1895.5	14.5478110465638
1897.5	8.02278304960055
1899.5	7.92333280967614
1901.5	2.6947738738827
1903.5	9.01222703148596
1905.5	4.10941270822559
1907.5	22.0169910352433
1909.5	14.6675899387196
1911.5	-1.94184791893122
1913.5	10.3385311654761
1915.5	17.8187515595068
1917.5	12.6447245674367
1919.5	6.6494495255547
1921.5	9.58587982902782
1923.5	11.9055310005592
1925.5	7.76168259556016
1927.5	10.9024919206313
1929.5	13.6232479111181
1931.5	13.3657321808487
1933.5	10.3175293650115
1935.5	8.36222217811746
1937.5	10.8653056640128
1939.5	7.48404544800997
1941.5	11.7674911962599
1943.5	6.86042140641575
1945.5	17.0828775023874
1947.5	10.545015139814
1949.5	5.76131580769015
1951.5	7.77668376098609
1953.5	11.7026159807774
1955.5	11.1473767373254
1957.5	17.1612257725601
1959.5	7.17044785465259
1961.5	15.780991727755
1963.5	12.4971290203239
1965.5	6.51895049360382
1967.5	5.37091666944525
1969.5	7.87215491074221
1971.5	6.79128142467198
1973.5	14.6645360498055
1975.5	8.38054419352329
1977.5	11.4679269649037
1979.5	17.0840231434181
1981.5	14.6548921224703
1983.5	18.4358826526891
1985.5	7.63449486076752
1987.5	12.0112421145091
1989.5	6.31645706024801
1991.5	5.91581298166057
1993.5	15.9619589876283
1995.5	15.9246408348404
1997.5	1.18199439569753
1999.5	9.98707183370607
2001.5	19.0859979338866
2003.5	19.4467771919894
2005.5	4.36282683051513
2007.5	3.06459406386784
2009.5	7.26761543761313
2011.5	9.12518934636137
2013.5	12.8286247521587
2015.5	12.7927661059562
2017.5	10.231665294923
2019.5	16.1866387617779
2021.5	15.4287390641648
2023.5	10.4212919561128
2025.5	12.7224181484189
2027.5	13.1046123858928
2029.5	7.32794807884466
2031.5	16.1137285277996
2033.5	17.3539212734258
2035.5	15.8179826912483
2037.5	13.015146736504
2039.5	-0.0639879130890222
2041.5	11.9478613266519
2043.5	13.048297915549
2045.5	13.7822344833012
2047.5	5.26860926929066
2049.5	13.6429451186937
2051.5	16.3126857628449
2053.5	9.56783336069157
2055.5	8.60630587290598
2057.5	12.6963274387153
2059.5	6.83094160245264
2061.5	7.68358418700609
2063.5	6.41435998953511
2065.5	14.6745644842022
2067.5	12.0892871398187
2069.5	1.28490370925056
2071.5	6.96128729454767
2073.5	28.159799720097
2075.5	16.958599706898
2077.5	15.8871826792192
2079.5	12.0360223456014
2081.5	17.9362604135517
2083.5	7.24388778920138
2085.5	16.4231284427392
2087.5	14.6501075859355
2089.5	15.648514151816
2091.5	15.2973443615201
2093.5	7.78262997550655
2095.5	14.9202882422483
2097.5	13.4919579690859
2099.5	13.7711415917556
2101.5	2.29346403232921
2103.5	3.08067595166449
2105.5	20.3380597434566
2107.5	15.1091740118241
2109.5	14.1639213550779
2111.5	11.0420502443303
2113.5	18.2366936156855
2115.5	6.38901097789903
2117.5	16.3374713955418
2119.5	8.46722785584097
2121.5	16.8653672311043
2123.5	15.5257154230676
2125.5	10.9479929555455
2127.5	8.67439671458669
2129.5	14.8566062730902
2131.5	6.70988525107714
2133.5	20.3388177099519
2135.5	6.22798042769909
2137.5	8.98552725543504
2139.5	12.9855570346226
2141.5	21.1736093605937
2143.5	18.8566625266135
2145.5	13.6590236661286
2147.5	16.4744839341379
2149.5	13.4985917873769
2151.5	13.4614868146118
2153.5	25.8937453168419
2155.5	15.0824449283632
2157.5	9.79050986546918
2159.5	26.221924692557
2161.5	16.971617763731
2163.5	14.2762087655319
2165.5	12.3701773891212
2167.5	16.8005709235799
2169.5	0.797494607279532
2171.5	15.4868419995164
2173.5	21.0860144025587
2175.5	14.739373041933
2177.5	12.0691696522949
2179.5	8.81984314321562
2181.5	12.1512972880755
2183.5	12.5499569586841
2185.5	22.7119691716771
2187.5	12.5965254582202
2189.5	16.010498581215
2191.5	7.62629880754821
2193.5	15.0621126281999
2195.5	12.4183016950037
2197.5	7.1386499826358
2199.5	9.50044375272728
2201.5	16.3228410254474
2203.5	13.9437966067203
2205.5	20.9328449485115
2207.5	19.5264646449014
2209.5	17.5081150355049
2211.5	13.9014203351976
2213.5	-1.15906534137048
2215.5	20.5181468166443
2217.5	6.23250626181334
2219.5	17.7526826525441
2221.5	17.2699592221106
2223.5	17.5833567691088
2225.5	18.6362224455756
2227.5	14.6280947394102
2229.5	8.88077051312121
2231.5	25.0868721734569
2233.5	16.4679669934812
2235.5	11.946119257203
2237.5	13.3363691379168
2239.5	10.7633884992529
2241.5	24.2884341517279
2243.5	23.3778854560032
2245.5	18.8599008036235
2247.5	14.0972750065448
2249.5	16.7890055050775
2251.5	17.0115715448824
2253.5	20.0567703285324
2255.5	16.4676414330411
2257.5	11.7892070326493
2259.5	11.5095721925327
2261.5	21.2337358281584
2263.5	14.7134300024386
2265.5	12.1714379988466
2267.5	10.9712695927719
2269.5	11.8277948374412
2271.5	15.6142785460147
2273.5	19.1585633760951
2275.5	13.3124603264109
2277.5	24.7827329823995
2279.5	8.52754215795221
2281.5	20.8876821185927
2283.5	15.1527311008272
2285.5	7.84019487054456
2287.5	7.16079116929404
2289.5	16.7987146903802
2291.5	9.35812011296593
2293.5	6.24104617083322
2295.5	17.1760126426948
2297.5	18.4131025244264
2299.5	19.7897820083581
2301.5	14.8349372372272
2303.5	16.7742050243887
2305.5	10.594347074521
2307.5	7.66177779152349
2309.5	17.2000026618593
2311.5	11.6425379681468
2313.5	17.3030020207011
2315.5	12.5880929443606
2317.5	15.2827791086593
2319.5	5.36999559708283
2321.5	14.589508731659
2323.5	21.5639674126032
2325.5	17.4240464208992
2327.5	16.7266630521076
2329.5	8.84652225544733
2331.5	25.9230219617575
2333.5	11.5073026236946
2335.5	11.8199984542211
2337.5	15.8553009135817
2339.5	11.3054041541609
2341.5	27.1681665587557
2343.5	12.038742481097
2345.5	9.3191018386342
2347.5	13.1814605135642
2349.5	16.6284987322124
2351.5	13.6397480461146
2353.5	18.5647898283537
2355.5	11.8356316488444
2357.5	9.8653935231614
2359.5	13.0304674582135
2361.5	-2.48129839220155
2363.5	20.19149072868
2365.5	26.9473680188203
2367.5	14.7564530798081
2369.5	17.6427377424197
2371.5	17.5762946816421
2373.5	16.1600566542911
2375.5	13.526964196496
2377.5	15.9586763888265
2379.5	11.6459234538193
2381.5	18.3447921562056
2383.5	9.43069213479203
2385.5	27.5613289487246
2387.5	23.3653515125352
2389.5	17.0265890524997
2391.5	8.33414218005692
2393.5	12.7700122409742
2395.5	18.5016860652377
2397.5	20.3243152691011
2399.5	12.3289946767059
2401.5	17.1021433235014
2403.5	26.8189034486504
2405.5	18.9051989900768
2407.5	23.2239964664741
2409.5	16.5669817331432
2411.5	21.6951918867885
2413.5	10.3309282831233
2415.5	17.9769835683251
2417.5	12.727741637952
2419.5	9.01087221558191
2421.5	18.0108008101038
2423.5	15.271698750259
2425.5	15.7807527519203
2427.5	14.2576083302106
2429.5	16.7679894616726
2431.5	15.985098670154
2433.5	14.3087365815973
2435.5	8.89240765988416
2437.5	18.6430987877238
2439.5	13.4012258032981
2441.5	20.882076137776
2443.5	10.3901554891745
2445.5	17.8969409725387
2447.5	20.9384384225768
2449.5	18.1353465010466
2451.5	11.863382060194
2453.5	15.2677277103721
2455.5	11.0398910570398
2457.5	25.1366131488544
2459.5	18.675019191634
2461.5	16.3080135548335
2463.5	26.6627502554093
2465.5	7.76585049874711
2467.5	3.92234284666529
2469.5	16.1799406008586
2471.5	19.0955516769168
2473.5	12.0233289781918
2475.5	24.9455910830311
2477.5	11.3336723616526
2479.5	18.8984674761673
2481.5	21.1464132757174
2483.5	17.2875163287163
2485.5	13.2620732586297
2487.5	19.228733192725
2489.5	10.0851174875374
2491.5	21.2988742836264
2493.5	24.9879082016005
2495.5	11.8538228444022
2497.5	15.5337168544788
2499.5	13.7873876223111
2501.5	7.87485430234619
2503.5	16.0277746282241
2505.5	14.1908291418517
2507.5	21.6189225776752
2509.5	17.8794407981804
2511.5	17.5037159235535
2513.5	5.99905057052865
2515.5	12.082732340989
2517.5	24.9451003395343
2519.5	18.9342881442426
2521.5	23.7348226465492
2523.5	24.7649924277889
2525.5	19.174898929673
2527.5	23.8319648862334
2529.5	27.3810049520612
2531.5	28.1379270230373
2533.5	15.0042972565161
2535.5	19.1780278639653
2537.5	16.3132723963795
2539.5	23.0031404282117
2541.5	8.20658302966467
2543.5	19.1529803170411
2545.5	18.5587768282517
2547.5	20.547952599271
2549.5	21.3064724387496
2551.5	18.2352811303472
2553.5	22.3039861775451
2555.5	21.211614002249
2557.5	20.5133965351838
2559.5	27.2810616803235
2561.5	23.3580358423551
2563.5	22.2194936883825
2565.5	13.3977367855077
2567.5	24.4290969376207
2569.5	12.02222230801
2571.5	27.5646156555522
2573.5	24.9132810305905
2575.5	23.0537193564205
2577.5	17.2025214442351
2579.5	18.470997256622
2581.5	6.25510352020456
2583.5	26.6160492517001
2585.5	21.0737134219776
2587.5	22.9712918462114
2589.5	19.4168326424751
2591.5	15.2231706276725
2593.5	10.2498889888852
2595.5	21.0391742403704
2597.5	26.0874105804828
2599.5	18.9407535028445
2601.5	18.2730691913007
2603.5	17.602255889833
2605.5	8.39346623445454
2607.5	19.1469634874056
2609.5	11.3376975308815
2611.5	15.8202424258352
2613.5	9.73167664634593
2615.5	18.8916340378933
2617.5	26.365946388426
2619.5	19.0922436712499
2621.5	18.5779352720788
2623.5	19.1008699158406
2625.5	14.3123542702701
2627.5	19.6057720316003
2629.5	27.1192679737082
2631.5	8.90254896083343
2633.5	28.5501752171972
2635.5	19.9135474967416
2637.5	14.4615538252679
2639.5	21.3127624673348
2641.5	22.69753861657
2643.5	27.2071093880622
2645.5	15.1085006974049
2647.5	26.1843929807183
2649.5	16.4623444171643
2651.5	22.0051372142025
2653.5	20.8731522415665
2655.5	11.454736051473
2657.5	21.4781137141131
2659.5	22.0280755452177
2661.5	12.1747896121228
2663.5	14.9162560326472
2665.5	16.5221085663466
2667.5	15.4052380326584
2669.5	33.8509518386954
2671.5	24.1431390590665
2673.5	17.9628135079415
2675.5	20.8108801366598
2677.5	21.7319778364526
2679.5	21.6375914267455
2681.5	19.9540939728518
2683.5	16.8537200221872
2685.5	17.6569592965857
2687.5	15.644296221587
2689.5	13.3335809796185
2691.5	7.23101362563466
2693.5	13.7663526940819
2695.5	11.6463182494754
2697.5	19.1633347631846
2699.5	11.6066836187238
2701.5	24.3673736383967
2703.5	19.4026039461655
2705.5	25.1542313427003
2707.5	28.5630416777949
2709.5	18.8591369981996
2711.5	26.8042648397391
2713.5	25.1301265635184
2715.5	25.5898536918439
2717.5	23.6119384481253
2719.5	17.4194109101732
2721.5	15.4943826810254
2723.5	19.3456588541403
2725.5	19.5621699923709
2727.5	13.9323955790514
2729.5	11.6596658621825
2731.5	15.2968025968803
2733.5	13.0654876967142
2735.5	20.3853497484597
2737.5	21.195425255185
2739.5	20.4150257145843
2741.5	23.7145568629026
2743.5	21.4348936524425
2745.5	22.7897271775241
2747.5	20.8617728941572
2749.5	7.43872033147136
2751.5	22.7845008989489
2753.5	21.2390198612202
2755.5	20.0606154387174
2757.5	28.0299508922217
2759.5	13.8454485647662
2761.5	12.4293722737048
2763.5	10.0177663709951
2765.5	17.0808420727203
2767.5	15.1960120143003
2769.5	20.8344774327211
2771.5	21.4797909250365
2773.5	22.1160385131561
2775.5	20.9581078414185
2777.5	27.8290629912221
2779.5	26.3863765140568
2781.5	22.621883820429
2783.5	21.0367553256647
2785.5	26.301962749953
2787.5	17.597986436625
2789.5	18.5890612496246
2791.5	15.3779062725989
2793.5	28.4311325833719
2795.5	20.2025591597157
2797.5	19.3392523957714
2799.5	22.641221383597
2801.5	27.3079794204696
2803.5	23.1296477467636
2805.5	13.6879574692211
2807.5	18.3370218002588
2809.5	27.2293268346639
2811.5	25.9626396961771
2813.5	18.1580977510971
2815.5	19.6339898734122
2817.5	19.217304345455
2819.5	24.8639044139313
2821.5	15.8426769922203
2823.5	25.1539111724237
2825.5	20.2585156510072
2827.5	19.8229366628452
2829.5	25.1189146793008
2831.5	19.392406665711
2833.5	28.1653374922575
2835.5	21.3262967054561
2837.5	23.0186814644371
2839.5	17.0746144378245
2841.5	28.1628580617958
2843.5	21.0113323558444
2845.5	21.9775343437695
2847.5	22.5165232199201
2849.5	16.1354494999132
2851.5	26.6858198598102
2853.5	11.2741566063037
2855.5	21.5945387534384
2857.5	28.039723791072
2859.5	23.2263632907298
2861.5	20.2764112784539
2863.5	21.0922164570825
2865.5	17.9290678665152
2867.5	16.6134231516512
2869.5	24.7768526172736
2871.5	18.1888966021611
2873.5	22.2494509201274
2875.5	23.4271655978841
2877.5	28.6059576539246
2879.5	18.2861440235206
2881.5	14.5926606873818
2883.5	18.0382815026869
2885.5	23.3003879511812
2887.5	17.7113403773124
2889.5	28.1286504923801
2891.5	21.4293095367025
2893.5	23.1525875915459
2895.5	18.2775497794232
2897.5	14.1777022675428
2899.5	22.5605416634526
2901.5	19.6004841204904
2903.5	24.0676731351955
2905.5	32.8195679089276
2907.5	24.0582968657509
2909.5	23.3768379871922
2911.5	15.8229740745596
2913.5	19.1091575328205
2915.5	10.6614950610538
2917.5	26.9171080759843
2919.5	15.2998485898734
2921.5	28.7614226763635
2923.5	21.5181846328842
2925.5	24.6121644847995
2927.5	20.4617144107929
2929.5	25.3444964384125
2931.5	21.5782822043898
2933.5	23.7631277185524
2935.5	18.1509599168867
2937.5	24.896936003378
2939.5	21.0410348254159
2941.5	25.0829563571292
2943.5	19.1466307136457
2945.5	22.6079873685985
2947.5	22.6930392295499
2949.5	24.7618349061377
2951.5	18.4857033870071
2953.5	21.9624527314231
2955.5	22.2813349760786
2957.5	19.7378699779924
2959.5	24.1593428644783
2961.5	25.838085292678
2963.5	21.2116105318246
2965.5	21.3544479990364
2967.5	19.380839270344
2969.5	25.0138710157044
2971.5	16.5537894220388
2973.5	14.9858420311539
2975.5	24.3721501783998
2977.5	28.7230063143224
2979.5	22.5698276757762
2981.5	16.2882367838142
2983.5	23.4554006435751
2985.5	32.0379126821022
2987.5	20.7109003777023
2989.5	20.5158164844397
2991.5	20.9205019494125
2993.5	30.2665303835597
2995.5	27.8216055853918
2997.5	28.3295799119887
2999.5	23.1549241428011
3001.5	23.938370633914
3003.5	23.1769402396662
3005.5	17.8358404696887
3007.5	25.5912931470662
3009.5	13.8359646715071
3011.5	26.2912245062917
3013.5	26.0826218828065
3015.5	22.3047763885538
3017.5	29.8880470228719
3019.5	24.5495690958542
3021.5	26.4142853399658
3023.5	26.9801511231876
3025.5	25.9150621890049
3027.5	27.6898289893065
3029.5	31.1292367587716
3031.5	18.5671580530297
3033.5	19.2573112874516
3035.5	25.5276195732181
3037.5	28.121543038153
3039.5	23.0015453035112
3041.5	19.926151996362
3043.5	20.9114180781257
3045.5	30.9560474106333
3047.5	26.127872911019
3049.5	23.7971573332534
3051.5	27.2473055375676
3053.5	26.2141229578033
3055.5	31.0275915556604
3057.5	18.2495159900377
3059.5	33.203140416942
3061.5	32.2840559013039
3063.5	25.9252281413078
3065.5	25.3007395279974
3067.5	16.5949003223245
3069.5	23.8940506122467
3071.5	19.1422335398356
3073.5	21.357808199622
3075.5	26.3713948471527
3077.5	26.3459251096783
3079.5	25.8700791116753
3081.5	24.9767251254502
3083.5	22.2333711059455
3085.5	23.683404644913
3087.5	27.895517754574
3089.5	21.2963821553153
3091.5	25.5326360340609
3093.5	28.5753538125223
3095.5	23.2360784677494
3097.5	33.031980506199
3099.5	23.729963129349
3101.5	30.4496343796363
3103.5	22.4194535171623
3105.5	22.5163972856476
3107.5	24.8285243523965
3109.5	20.5446785186532
3111.5	23.0704266031285
3113.5	25.313858432969
3115.5	26.4992272554464
3117.5	23.5450999234722
3119.5	21.2713352791784
3121.5	25.1536391826075
3123.5	19.7688055451031
3125.5	24.0259780804049
3127.5	26.8512118522826
3129.5	23.0914390968755
3131.5	31.9397403173734
3133.5	20.891791664385
3135.5	32.8108295667689
3137.5	37.441433859854
3139.5	32.6094336054789
3141.5	15.8223840623168
3143.5	30.158235147454
3145.5	25.4082615321827
3147.5	17.5616620026353
3149.5	22.2315500472328
3151.5	29.2857514772786
3153.5	30.063069368945
3155.5	21.6183982955604
3157.5	27.6147005581488
3159.5	24.5476572820457
3161.5	26.5353239734186
3163.5	24.0704176724485
3165.5	30.0882050746022
3167.5	35.4798163419878
3169.5	27.2901844487965
3171.5	31.3720343795158
3173.5	21.2687301363967
3175.5	24.8596300685122
3177.5	25.7092968802281
3179.5	20.1905594032969
3181.5	23.5180927143538
3183.5	28.2958021980203
3185.5	31.2838715941152
3187.5	29.7222904297637
3189.5	23.9536433378835
3191.5	30.2390027640135
3193.5	21.1225178079931
3195.5	23.7550124362933
3197.5	11.8077327897049
3199.5	26.1919317488741
3201.5	28.6191401335495
3203.5	27.4070587011879
3205.5	25.3812607330583
3207.5	24.3863985356365
3209.5	34.2600322525377
3211.5	27.5585431440941
3213.5	27.1052663689352
3215.5	24.126322486095
3217.5	30.7855219179178
3219.5	35.8933153175503
3221.5	31.8427736225594
3223.5	31.1743338826245
3225.5	25.5448976554499
3227.5	38.4080161162833
3229.5	30.6242330568462
3231.5	28.674679190799
3233.5	30.269203052424
3235.5	27.6310410734845
3237.5	28.1166648865114
3239.5	25.2606898843692
3241.5	33.2153921046061
3243.5	36.8769766036175
3245.5	30.2729522538034
3247.5	29.3583154456937
3249.5	7.32516933254919
3251.5	27.1693184639453
3253.5	27.8087325655224
3255.5	34.6277974566237
3257.5	20.0826067078729
3259.5	27.7147212506038
3261.5	26.4659042682256
3263.5	32.2264022072618
3265.5	30.3069520735421
3267.5	33.3169937718976
3269.5	31.0566224963741
3271.5	32.3602301749356
3273.5	37.9403666152702
3275.5	31.8779173882858
3277.5	30.7973848987212
3279.5	22.7360632257592
3281.5	37.7164936311715
3283.5	37.768496619241
3285.5	34.5295099660125
3287.5	26.0659060554381
3289.5	28.4513807006674
3291.5	25.5308265620347
3293.5	31.1195210179244
3295.5	23.7008667027762
3297.5	29.161472385385
3299.5	34.7334846940553
3301.5	30.867239366622
3303.5	27.6672598948167
3305.5	22.0104123257202
3307.5	23.8134510442878
3309.5	16.9672298072537
3311.5	23.6961122371908
3313.5	28.821823760275
3315.5	23.2091587199347
3317.5	33.820354308888
3319.5	19.4188155667948
3321.5	20.1277231431172
3323.5	30.8700616673627
3325.5	30.8440573862522
3327.5	43.9912145587546
3329.5	37.0801223461385
3331.5	29.507186869499
3333.5	17.7119537442782
3335.5	29.1169056831804
3337.5	29.0671689935393
3339.5	26.2461718693735
3341.5	27.6149517093886
3343.5	28.777671130531
3345.5	29.6976813267233
3347.5	27.5719808060512
3349.5	26.0589383040078
3351.5	30.17239607702
3353.5	26.4586041414368
3355.5	23.0462491109865
3357.5	40.5560413010016
3359.5	27.2336209388823
3361.5	22.1217372739802
3363.5	35.8443826056669
3365.5	32.6931053063277
3367.5	29.6848503827537
3369.5	32.701973266463
3371.5	23.5172531261592
3373.5	30.7208090214272
3375.5	36.346066512624
3377.5	22.2552207812237
3379.5	29.1498010235819
3381.5	29.3056013947407
3383.5	30.8265630101005
3385.5	33.0141042969026
3387.5	26.318598556461
3389.5	31.6972930930851
3391.5	29.1383209756541
3393.5	32.9402552905558
3395.5	34.876046645737
3397.5	27.1305576985615
3399.5	34.6317487958713
3401.5	26.1027381688068
3403.5	25.9136814472631
3405.5	30.7766247755821
3407.5	29.0491631052764
3409.5	24.0927938211962
3411.5	25.602653559682
3413.5	32.3946869599581
3415.5	25.3658067103115
3417.5	25.5095906184051
3419.5	33.0581484302634
3421.5	32.4502516492926
3423.5	31.9515166457518
3425.5	28.4280844421642
3427.5	26.6884345929871
3429.5	30.2360365689733
3431.5	21.1247070636014
3433.5	32.555445810357
3435.5	29.3333454739291
3437.5	29.0966297852538
3439.5	28.3977957322868
3441.5	34.6685850397503
3443.5	33.7447263090112
3445.5	33.1676832996882
3447.5	24.447366914645
3449.5	34.8731603872311
3451.5	32.4638154811064
3453.5	20.932049312059
3455.5	35.3535053435235
3457.5	33.9317923016902
3459.5	35.7528123029201
3461.5	44.7188880841159
3463.5	27.8673562672998
3465.5	34.2851444969706
3467.5	33.6352718968765
3469.5	34.2055346460056
3471.5	18.3047283475817
3473.5	33.1613614764169
3475.5	37.7543055065498
3477.5	26.1135001999392
3479.5	34.3496201591961
3481.5	35.826408661856
3483.5	35.5194211592179
3485.5	28.3039607226324
3487.5	23.5055519127845
3489.5	31.1137067251861
3491.5	36.3511059189527
3493.5	34.6418039755358
3495.5	36.1196820847317
3497.5	24.8524542536666
3499.5	20.8013099038121
3501.5	28.4210916649818
3503.5	34.9959519709305
3505.5	35.4904298559527
3507.5	30.0084422607092
3509.5	29.1959493903855
3511.5	15.892702638535
3513.5	30.9102228485458
3515.5	31.594751554951
3517.5	33.054302098486
3519.5	32.3949619516129
3521.5	33.9330728366645
3523.5	33.422805561208
3525.5	27.6799531062434
3527.5	30.0174701161282
3529.5	31.1552221516017
3531.5	31.3666821169163
3533.5	31.0350105436723
3535.5	22.1406087340279
3537.5	26.4631596298423
3539.5	34.52183362908
3541.5	35.4005884454118
3543.5	35.9339732112694
3545.5	18.8617502860779
3547.5	36.0676479375143
3549.5	34.5132746860118
3551.5	33.8430749477375
3553.5	32.4551049562906
3555.5	35.4755978501389
3557.5	29.9794720923442
3559.5	32.2941086928049
3561.5	26.0272498509225
3563.5	43.3280784284907
3565.5	31.8933423117746
3567.5	34.789872566153
3569.5	32.3917388174223
3571.5	39.2927133718476
3573.5	33.3127535073918
3575.5	37.6177319320623
3577.5	39.7194738025414
3579.5	22.1554782251442
3581.5	30.0720698345908
3583.5	31.4509847794752
3585.5	37.0756810975722
3587.5	24.8586863986347
3589.5	26.6283387969424
3591.5	27.7805490834153
3593.5	31.406295547431
3595.5	26.8367437225002
3597.5	31.8242003690088
3599.5	33.2710326065826
3601.5	28.7367433441955
3603.5	30.2827213983692
3605.5	31.1219706176321
3607.5	38.6313567850466
3609.5	32.7912400187038
