1.5	-0.316432852220714
3.5	-13.5648376044837
5.5	-6.13133277781435
7.5	-5.01494839424049
9.5	-9.46034655449967
11.5	-1.89273152009628
13.5	3.18716157096151
15.5	1.01555358833411
17.5	-12.6043422468692
19.5	-0.52479318260248
21.5	-9.60497765586842
23.5	-8.0834510759214
25.5	4.59885426967776
27.5	-4.10048140445997
29.5	1.29354163713833
31.5	-8.06195615153501
33.5	4.14094799137638
35.5	0.0212844086017867
37.5	-3.49806875913328
39.5	-7.69936061832595
41.5	-3.77421137052261
43.5	-5.48448479969193
45.5	-9.58438626985389
47.5	0.467492660438438
49.5	-5.97628324315792
51.5	1.02450144786326
53.5	-8.22176961211153
55.5	5.89003357069123
57.5	-11.2981749242135
59.5	-11.9912093626854
61.5	0.565668712216393
63.5	-5.15967929037288
65.5	3.69743732576808
67.5	-13.3231258234464
69.5	-3.27753614162611
71.5	-5.9276176166295
73.5	-3.28912805735308
75.5	0.153548859372677
77.5	2.69182838374309
79.5	-3.54542263730855
81.5	-3.36337430939875
83.5	-0.381942680289285
85.5	0.554504630622432
87.5	-6.92058953698233
89.5	-8.10409325416549
91.5	-3.76677652578928
93.5	-2.17563105878799
95.5	3.05201351391588
97.5	-6.63509369757594
99.5	-0.752183218482969
101.5	-1.27853337679062
103.5	-0.561793050414053
105.5	-0.527278050189125
107.5	-0.818108718482108
109.5	2.48324746336584
111.5	-3.15786220291284
113.5	-16.1921545938176
115.5	0.410069760181614
117.5	1.27950939527909
119.5	-9.00169370155618
121.5	-8.88591938369518
123.5	-4.05225660140877
125.5	-7.85424526858969
127.5	-2.97723339396362
129.5	-7.19402355191323
131.5	-6.89964250814774
133.5	-4.96445600822517
135.5	-8.76769621290168
137.5	-9.33373810875764
139.5	-2.83133008980531
141.5	-13.2706061487315
143.5	-1.65098932727415
145.5	-2.39918846180717
147.5	-4.61299721479554
149.5	-12.4347927732551
151.5	0.715618425604589
153.5	1.649305974036
155.5	-2.6581691771662
157.5	3.3524061379303
159.5	-17.0070856025823
161.5	-19.0961787903561
163.5	-7.57541324546946
165.5	-5.34333972567583
167.5	-11.1419150486381
169.5	-5.44156049258345
171.5	-9.43667678009479
173.5	1.25926407496809
175.5	-7.91839424321824
177.5	-3.16655397642626
179.5	-11.225408351771
181.5	-2.27293254830511
183.5	-1.61785857949781
185.5	0.258828055295453
187.5	-1.6265482923227
189.5	-0.0745778925065679
191.5	-6.93395314877853
193.5	-3.1967527254883
195.5	-4.2961053894669
197.5	-10.6637953730051
199.5	6.24128397846471
201.5	-3.5009890596175
203.5	-13.8445609369419
205.5	-1.91890909788981
207.5	-3.5643697338428
209.5	-6.64024183366473
211.5	-6.3406338424611
213.5	-7.96207345483072
215.5	-7.93192165451273
217.5	-6.24534998082709
219.5	-11.6304177129277
221.5	-5.6857630972645
223.5	-9.71464465420559
225.5	1.04334271948392
227.5	0.196642953719675
229.5	-12.4404963095722
231.5	-0.997974926292045
233.5	-7.61084907461827
235.5	-6.5983312695862
237.5	-4.05163891392749
239.5	-7.70916196262078
241.5	1.30865349056967
243.5	-8.19425302385389
245.5	-9.12074142669644
247.5	-12.5507373731871
249.5	0.470220074410463
251.5	-6.74004125878218
253.5	-13.1099327381426
255.5	-14.8799246263852
257.5	-10.241518728626
259.5	-1.16508623938989
261.5	-8.03443749063808
263.5	-7.03853747205994
265.5	-9.30509283727315
267.5	-7.87956814544123
269.5	-5.64458079399901
271.5	3.39185707410252
273.5	-9.19774412840525
275.5	-9.17106231166235
277.5	5.75996900541759
279.5	-0.65532744731081
281.5	-5.78981753585413
283.5	-7.14581102098236
285.5	-13.3019524292131
287.5	-7.63303426793482
289.5	-8.74270700324996
291.5	-6.13609369263941
293.5	-4.29417459746855
295.5	1.72149939111478
297.5	-16.3333184033982
299.5	-9.39257204092064
301.5	-9.97226675822367
303.5	-6.83420280783594
305.5	0.526941421895572
307.5	-4.23608394806161
309.5	-15.8810502352089
311.5	-3.98116529519757
313.5	-4.43827902042449
315.5	-6.84160987026735
317.5	-4.28884993985957
319.5	-5.61524537198511
321.5	1.77600488038843
323.5	-11.302528819404
325.5	-1.85438344176509
327.5	-9.83894527045868
329.5	-3.83957152034964
331.5	-4.14752647322075
333.5	-6.19718486578859
335.5	-1.20360772510867
337.5	-5.45272246723925
339.5	-10.2280134053472
341.5	-9.68919120519968
343.5	-1.60101356497853
345.5	-2.30015222354177
347.5	-13.4251231962708
349.5	-11.3395830811432
351.5	-5.34749422662753
353.5	-5.66555537266231
355.5	-6.26499098450131
357.5	-9.12720464641188
359.5	1.23530271286199
361.5	-7.40487273252256
363.5	-7.46225066358329
365.5	-1.31141271917659
367.5	-15.5380309394632
369.5	-11.0162668283601
371.5	-10.0713405515953
373.5	-7.87221024130486
375.5	-6.82660473568558
377.5	-13.3943310607765
379.5	-10.7078717178911
381.5	0.547428399184355
383.5	-8.22393982725316
385.5	-24.7990434220401
387.5	-3.70045385764206
389.5	-8.40259000336755
391.5	-10.7730162867902
393.5	-10.9268558502972
395.5	-13.5267226736596
397.5	-9.6955997410405
399.5	-15.0579599024586
401.5	-21.130372258729
403.5	-13.6738682625601
405.5	-6.26459998345945
407.5	-10.0127597067294
409.5	-8.33922916907159
411.5	-4.83371008305858
413.5	-7.53413569643362
415.5	-22.9560633140554
417.5	-1.67003067900168
419.5	-13.6527993567015
421.5	-3.70427455441131
423.5	-11.0489871214932
425.5	-2.13729889375372
427.5	-0.735281831261091
429.5	-14.3588866124155
431.5	-11.7514535489336
433.5	-2.43304981656547
435.5	-9.91518240840833
437.5	-13.6204508836126
439.5	-7.41135796070739
441.5	-9.5484280147848
443.5	-3.71356837240273
445.5	-6.70451321613564
447.5	-11.6569984970902
449.5	-9.67586119251428
451.5	-14.7291145430636
453.5	-6.67703273223105
455.5	-13.0924045789188
457.5	-13.4147648985745
459.5	-13.3801499572728
461.5	-11.818371119205
463.5	-8.19352087077732
465.5	-11.6201041516169
467.5	-13.0675108821288
469.5	-3.24524939887942
471.5	-10.2335634550354
473.5	-10.7817963054267
475.5	-6.5342109891717
477.5	-8.92611525999746
479.5	-7.65455229779582
481.5	-10.2436709692493
483.5	-9.77936462486559
485.5	-3.39089377235996
487.5	-6.87490824744327
489.5	-10.5378700150286
491.5	-8.16877103797196
493.5	-6.99496541575627
495.5	-10.3879483265755
497.5	-16.4216112842414
499.5	-15.2164495329716
501.5	-10.5806826450143
503.5	-13.6976351115291
505.5	-5.28236492774795
507.5	-16.920768197363
509.5	-10.948022489596
511.5	-8.94047905711795
513.5	-11.3101451609064
515.5	-0.732109227303226
517.5	-8.57758613974784
519.5	-12.8019745865395
521.5	-10.0703994706937
523.5	-9.66477679256332
525.5	-4.87820066280892
527.5	-11.7581988783395
529.5	-4.2991317753449
531.5	-6.00230758401904
533.5	-5.44887312664468
535.5	-8.41404441230588
537.5	-7.87601020575948
539.5	-14.8299840787877
541.5	-6.88041647017235
543.5	-26.6566426879717
545.5	-2.1154178476645
547.5	-7.02732205008579
549.5	-8.52088221196027
551.5	-10.0585352182579
553.5	-14.7098498463702
555.5	-7.44815458814355
557.5	-10.3372266728193
559.5	-16.1778206321178
561.5	-16.1683899860154
563.5	-6.04043652702876
565.5	-7.37800033082567
567.5	-9.36585535277391
569.5	-15.1113143191951
571.5	-7.4206036849373
573.5	-2.5169487531075
575.5	-7.29986611005552
577.5	-5.70583981950222
579.5	-5.51292786327031
581.5	-9.00918867425025
583.5	-8.92704083116223
585.5	-8.81649369957813
587.5	-1.61130208915256
589.5	-20.9204336964322
591.5	-18.3487669307624
593.5	-12.0660730636646
595.5	-8.33578193936228
597.5	-6.32015365375719
599.5	-16.8265821194518
601.5	-4.64571952311235
603.5	-0.887661795869462
605.5	0.541105914448963
607.5	-9.10690597230223
609.5	-7.93414364275395
611.5	-12.5902832905376
613.5	-12.5232465687486
615.5	-14.9258215749614
617.5	-5.34410286346792
619.5	-7.90746236796895
621.5	-10.065240039864
623.5	-9.47668433856506
625.5	-14.309514510478
627.5	-11.1357445355588
629.5	-10.3598251453941
631.5	-14.2330309673862
633.5	-16.918205136677
635.5	-6.79995481831611
637.5	-11.2004721089716
639.5	-13.4149129100051
641.5	-10.6673320947293
643.5	-14.9903056536432
645.5	-7.53122570828236
647.5	-18.3565771379353
649.5	-11.1647420981571
651.5	-15.6447313977114
653.5	-10.7311522842401
655.5	-12.3307459700627
657.5	-2.91117396689242
659.5	-1.10168050378707
661.5	-12.9825906791393
663.5	-11.737645800903
665.5	-16.85031235927
667.5	-10.454331259436
669.5	-14.1206615762467
671.5	-21.3330054800754
673.5	-10.7204186815052
675.5	-13.770551655557
677.5	-3.4335163595224
679.5	-14.4618751122689
681.5	-7.7680184500814
683.5	-15.1405610288102
685.5	-5.52761634852322
687.5	-8.73203890265086
689.5	-21.40991856033
691.5	-6.35852122195774
693.5	-21.7210878348551
695.5	-7.85398689943122
697.5	-18.1123088559698
699.5	-12.5680178849188
701.5	-12.9157777458722
703.5	-13.0090514637213
705.5	-8.3219350793006
707.5	-12.1931804849555
709.5	-9.37428598464066
711.5	-10.59014492609
713.5	-8.50827759737967
715.5	-11.7075992225518
717.5	-10.3469710646368
719.5	-11.9981326433426
721.5	-17.2663276034082
723.5	-5.69893606871392
725.5	-16.4554202520994
727.5	-13.8160096385491
729.5	-19.4695800894187
731.5	-15.227164289372
733.5	-14.4284535258121
735.5	-6.42029344038019
737.5	-14.2739224121233
739.5	-17.6339854744101
741.5	-8.85811712047052
743.5	-16.5748171550695
745.5	-14.0094182307967
747.5	-11.963248147742
749.5	-8.61732457860762
751.5	-14.430080746617
753.5	-23.6578197220597
755.5	-15.7724541314346
757.5	-20.1798294098107
759.5	-10.8555519309384
761.5	0.408971189003751
763.5	-15.8847110590496
765.5	-5.99366789026499
767.5	-15.8758445728454
769.5	-11.5446348315527
771.5	-10.7360110572763
773.5	-6.61104996776885
775.5	-3.8356141574759
777.5	-12.4440957012957
779.5	-12.6904384893305
781.5	-17.0375634034945
783.5	-11.199252429943
785.5	-15.5758063833691
787.5	-13.6093300512421
789.5	-8.84260475533392
791.5	-16.2803871173146
793.5	-17.1738368703564
795.5	-17.6777887846747
797.5	-13.2818388553842
799.5	-16.0837152984877
801.5	-17.5920929010053
803.5	-12.8238848864967
805.5	-10.3449492888385
807.5	-7.34493810362801
809.5	-11.6225024646437
811.5	-17.1550038489549
813.5	-11.3344719124843
815.5	-22.4144472670687
817.5	-12.3216306437889
819.5	-13.3759161761263
821.5	-16.4875483734013
823.5	-8.05397191308202
825.5	-11.7286211379133
827.5	-3.81272462364814
829.5	-3.53211519363686
831.5	-21.1215200192064
833.5	-12.0122943964161
835.5	-14.4007948497192
837.5	-12.6802067789758
839.5	-15.8642828231177
841.5	-2.71508223036381
843.5	-14.2131381977379
845.5	-10.2390520466224
847.5	-23.8876549300039
849.5	-5.35777480771503
851.5	-14.2801548346033
853.5	-15.1339789409931
855.5	-17.3443194882393
857.5	-14.2522344935487
859.5	-15.8809955318093
861.5	-11.0461416955513
863.5	-4.43741764573497
865.5	-21.1766303433369
867.5	-16.8637098339477
869.5	-6.35851049549547
871.5	-20.1861463085415
873.5	-5.60302286872866
875.5	-21.1090273057489
877.5	-16.4783357392798
879.5	-10.2375819588178
881.5	-1.9726110911206
883.5	-5.83203040799981
885.5	-11.4814525079373
887.5	-8.31650075725884
889.5	-5.86721065194342
891.5	-12.1387667163053
893.5	-8.04359687980923
895.5	-16.8248592231912
897.5	-20.1834701532334
899.5	-6.08179627225945
901.5	-14.7892106301642
903.5	-15.2549351727957
905.5	-13.0689687186432
907.5	-22.5684070741645
909.5	-13.7037490138173
911.5	-12.7815428310078
913.5	-10.2589353360609
915.5	-3.48466812514653
917.5	-11.1837533616754
919.5	-16.3300996496637
921.5	-5.56332506812669
923.5	-16.0454025958397
925.5	-19.024936965161
927.5	-11.6605313950495
929.5	-10.8026580381884
931.5	-8.11474680300853
933.5	-16.7103951714435
935.5	-25.2235646970339
937.5	-17.1484518080761
939.5	-4.59199379274196
941.5	-15.0850617819215
943.5	-23.9905191505068
945.5	-9.16783110717279
947.5	-22.4357617680917
949.5	-7.32243511832348
951.5	-15.4053517603643
953.5	-16.33848881415
955.5	-20.9807829151659
957.5	-15.1728449750744
959.5	-10.7818829088228
961.5	-17.1939230084427
963.5	-13.3761710281424
965.5	-9.22896889188269
967.5	-9.80817951916288
969.5	-9.32205147567129
971.5	-18.6951769687948
973.5	-21.8842387532841
975.5	-16.9902803715449
977.5	-11.3933128400458
979.5	-19.1469165941371
981.5	-10.2935693625559
983.5	-20.3326309105269
985.5	-11.8307225244052
987.5	-9.99157003459914
989.5	-13.3976992667485
991.5	-11.913481553991
993.5	-16.959767469174
995.5	-21.3807569140808
997.5	-10.1665909254589
999.5	-12.3533741855845
1001.5	-17.147121146927
1003.5	-20.2190925467221
1005.5	-15.5787143109937
1007.5	-24.702734365932
1009.5	-13.8928790048076
1011.5	-7.63020959385995
1013.5	-11.9293310204512
1015.5	-12.2827194314368
1017.5	-18.3146609384057
1019.5	-8.33229103500707
1021.5	-20.2554228737581
1023.5	-10.8592638938662
1025.5	-9.40257267697689
1027.5	-14.1883179021197
1029.5	-17.1700595137991
1031.5	-8.24710461717495
1033.5	-17.2546913756178
1035.5	-21.1150971346124
1037.5	-17.8058223871212
1039.5	-15.8118778742655
1041.5	-8.5872345413045
1043.5	-9.29578849038171
1045.5	-15.6790682188712
1047.5	-23.3814169932948
1049.5	-22.8712428965946
1051.5	-12.0566151366093
1053.5	-16.9560752575899
1055.5	-15.0462954853438
1057.5	-15.4922700766629
1059.5	-12.1376139858785
1061.5	-18.4859014785534
1063.5	-18.4131512158265
1065.5	-6.93296672284669
1067.5	-23.1349347960158
1069.5	-6.94115582538598
1071.5	-14.7014857496615
1073.5	-13.618080633616
1075.5	-7.25675423016128
1077.5	-14.4237664193879
1079.5	-19.780150069535
1081.5	-18.1718741377699
1083.5	-15.8550371683186
1085.5	-15.2624632848929
1087.5	-4.51868493800248
1089.5	-14.1145405318312
1091.5	-10.1615991828021
1093.5	-16.9699640461149
1095.5	-9.39220951379775
1097.5	-21.8738143220371
1099.5	-19.439521331321
1101.5	-19.457782100937
1103.5	-26.3817511908455
1105.5	-24.4570673324515
1107.5	-8.52700104957967
1109.5	-17.3268245188819
1111.5	-13.2959815849135
1113.5	-13.6300894001251
1115.5	-11.4535408130978
1117.5	-9.92908298027942
1119.5	-12.037021466489
1121.5	-24.6657425613494
1123.5	-14.3396927382555
1125.5	-14.1656913170546
1127.5	-11.4118449625857
1129.5	-20.5024693211581
1131.5	-13.2980623177727
1133.5	-18.770022195331
1135.5	-16.8270299640562
1137.5	-25.4113760255741
1139.5	-15.4628045255104
1141.5	-14.4018830237737
1143.5	-15.7000801313516
1145.5	-8.25641703858673
1147.5	-19.9389444238022
1149.5	-21.4524419196896
1151.5	-17.3512576394523
1153.5	-7.78012886891156
1155.5	-8.56706814160134
1157.5	-19.64040157411
1159.5	-18.4900844188442
1161.5	-17.2584812428486
1163.5	-11.184995397949
1165.5	-15.3797106990751
1167.5	-18.2729284893094
1169.5	-16.2653414529686
1171.5	-11.6685750819133
1173.5	-22.77470148263
1175.5	-15.1998901809757
1177.5	-9.80180810118509
1179.5	-7.78126521673403
1181.5	-13.6791182169172
1183.5	-14.7170936039538
1185.5	-22.7357413656391
1187.5	-21.4411618587146
1189.5	-19.8636174216845
1191.5	-18.0427421436461
1193.5	-11.715274629395
1195.5	-7.67538333823722
1197.5	-22.35424200537
1199.5	-20.2011039516865
1201.5	-25.1585737680098
1203.5	-18.8769375035226
1205.5	-24.0740624297132
1207.5	-17.6616231688349
1209.5	-15.0771761243932
1211.5	-17.1565390967062
1213.5	-14.2876949632873
1215.5	-13.0449342806187
1217.5	-20.6690589512036
1219.5	-23.5029437804087
1221.5	-17.2086886306406
1223.5	-22.7523634692679
1225.5	-16.984038367068
1227.5	-17.5505575720463
1229.5	-18.5727962881647
1231.5	-19.7615820217743
1233.5	-15.7955469717663
1235.5	-15.5560407823732
1237.5	-19.1657156057854
1239.5	-23.8918461055773
1241.5	-25.7379084792592
1243.5	-23.5600068463418
1245.5	-21.4446994541549
1247.5	-15.2376081582988
1249.5	-12.2767653678666
1251.5	-21.0775304854224
1253.5	-20.1498415602973
1255.5	-21.1560664981598
1257.5	-20.6168065771353
1259.5	-23.9598530490166
1261.5	-21.5459223235284
1263.5	-24.4374599795992
1265.5	-21.6810428417593
1267.5	-13.8968379411663
1269.5	-16.3389427596976
1271.5	-13.2673977486702
1273.5	-17.1623982048768
1275.5	-22.6828038073099
1277.5	-21.6686651023201
1279.5	-8.80566259743773
1281.5	-10.3442472684992
1283.5	-18.5934122741028
1285.5	-22.1667667869224
1287.5	-20.0900425234904
1289.5	-15.0056926958141
1291.5	-12.5944133454987
1293.5	-21.6057067793645
1295.5	-20.0333842180507
1297.5	-19.378671966555
1299.5	-11.0225879008603
1301.5	-10.3189601101176
1303.5	-16.1240532692955
1305.5	-20.0430846778181
1307.5	-19.0390489358006
1309.5	-20.1482377620468
1311.5	-18.5924122683073
1313.5	-10.8359287409003
1315.5	-18.780892068602
1317.5	-18.0447105946469
1319.5	-11.2189842240996
1321.5	-17.188392369686
1323.5	-19.237289292123
1325.5	-13.8306088166919
1327.5	-20.7724064037138
1329.5	-17.0431456214474
1331.5	-21.1506834539005
1333.5	-17.9510123501605
1335.5	-16.3627509460321
1337.5	-12.8576550047474
1339.5	-25.9959415977264
1341.5	-18.4730627339086
1343.5	-21.8800113504367
1345.5	-22.4052845601163
1347.5	-22.597654129162
1349.5	-10.295848033229
1351.5	-22.7569605274921
1353.5	-11.3696764299339
1355.5	-17.360184658346
1357.5	-15.6587258537975
1359.5	-20.9880846571905
1361.5	-19.3627024932866
1363.5	-12.0021436883953
1365.5	-20.2230201061529
1367.5	-11.963870934328
1369.5	-11.8427303728913
1371.5	-21.28181098404
1373.5	-18.7973088439385
1375.5	-19.0783969578179
1377.5	-17.21412999523
1379.5	-14.4535351932363
1381.5	-19.7839906860372
1383.5	-19.7600771487523
1385.5	-17.3388203266259
1387.5	-24.7237818141994
1389.5	-19.3035056930694
1391.5	-22.6324560739222
1393.5	-15.5057593509819
1395.5	-18.2785274106955
1397.5	-9.47860904459048
1399.5	-15.3614141362759
1401.5	-20.0097584782097
1403.5	-18.8818569195446
1405.5	-13.2027101436852
1407.5	-32.3176295134863
1409.5	-23.6188925057913
1411.5	-17.6944552023424
1413.5	-22.0600828800489
1415.5	-13.7714562416031
1417.5	-9.83436650703516
1419.5	-23.9811752569458
1421.5	-24.9886222772766
1423.5	-23.5127636111392
1425.5	-21.0600170310672
1427.5	-27.8098884726232
1429.5	-23.5607958737173
1431.5	-22.0040012182608
1433.5	-19.2579333019294
1435.5	-23.965011536764
1437.5	-19.3899623517618
1439.5	-24.4034862041754
1441.5	-21.6335154855797
1443.5	-9.63781533551719
1445.5	-30.3491728032259
1447.5	-17.3053595127194
1449.5	-20.0924160681416
1451.5	-24.2763496568668
1453.5	-26.9732814255849
1455.5	-22.1380408813448
1457.5	-27.3690514300797
1459.5	-11.7616432368086
1461.5	-30.0036649068525
1463.5	-17.8506858343198
1465.5	-14.3279949217731
1467.5	-23.1732286554206
1469.5	-32.3511907068532
1471.5	-18.0704048199304
1473.5	-19.7421560947078
1475.5	-22.9827988406696
1477.5	-17.8951799207307
1479.5	-14.4313872660978
1481.5	-10.2637576373236
1483.5	-26.5951921551841
1485.5	-15.1724295147515
1487.5	-25.4987228044647
1489.5	-19.9530582962379
1491.5	-22.0284187947072
1493.5	-23.2474559394313
1495.5	-21.5386498917587
1497.5	-19.6875247040316
1499.5	-25.6520608763012
1501.5	-21.4665292441587
1503.5	-29.3416233890011
1505.5	-23.3409445765246
1507.5	-23.2360994157307
1509.5	-22.2447394017736
1511.5	-22.14514703857
1513.5	-19.8210651660002
1515.5	-14.1909657089709
1517.5	-15.4799897282555
1519.5	-15.5950085595487
1521.5	-16.7834734257758
1523.5	-20.981818652941
1525.5	-18.2451518386206
1527.5	-26.8762251842172
1529.5	-19.0271497545637
1531.5	-22.2869485220108
1533.5	-18.1227914753299
1535.5	-10.662723320821
1537.5	-17.2755262592336
1539.5	-12.2545991082534
1541.5	-23.789373693281
1543.5	-20.4006117926656
1545.5	-23.7910328507924
1547.5	-17.5072300123184
1549.5	-21.2968318549692
1551.5	-29.9638836294916
1553.5	-13.3307197697004
1555.5	-22.1825752651848
1557.5	-25.6194328454358
1559.5	-24.4885790243688
1561.5	-23.0309968865404
1563.5	-16.2826936534384
1565.5	-19.5889503705421
1567.5	-25.9095317011943
1569.5	-18.5852703444589
1571.5	-17.8630684030459
1573.5	-23.895545538875
1575.5	-19.4341398955812
1577.5	-19.8623718770468
1579.5	-23.4350308828743
1581.5	-26.4498930790051
1583.5	-12.8820951493954
1585.5	-13.9585658875094
1587.5	-21.523120533644
1589.5	-25.9779929901579
1591.5	-30.4463956417767
1593.5	-18.5918704456026
1595.5	-15.9843225002578
1597.5	-23.5095488515199
1599.5	-12.1386194472479
1601.5	-25.1759305803416
1603.5	-17.1013073682461
1605.5	-19.6982856739132
1607.5	-23.5945840743757
1609.5	-22.2141131657531
1611.5	-19.8103051780986
1613.5	-30.4905192624542
1615.5	-25.5122198302174
1617.5	-19.6469612922861
1619.5	-17.9378708147506
1621.5	-14.6300757794843
1623.5	-22.47312407135
1625.5	-28.0841039083693
1627.5	-30.5383433632105
1629.5	-19.5993794463952
1631.5	-28.8599016495264
1633.5	-16.6102859411189
1635.5	-22.6478520516644
1637.5	-25.9961362246449
1639.5	-32.9729155405889
1641.5	-24.3377269196708
1643.5	-17.2693095334962
1645.5	-21.0001397036704
1647.5	-14.5601398567155
1649.5	-18.6926751047672
1651.5	-19.7695317276803
1653.5	-21.5819415363276
1655.5	-24.6584723887368
1657.5	-16.4093511893807
1659.5	-19.1292217848613
1661.5	-25.8725847439869
1663.5	-23.2089834888293
1665.5	-31.1049654524663
1667.5	-19.2794135482854
1669.5	-21.8435994119009
1671.5	-25.1985415313234
1673.5	-18.3959708132829
1675.5	-32.2458963911708
1677.5	-20.6530909938929
1679.5	-16.5245155161078
1681.5	-25.5650123887658
1683.5	-23.9596041186842
1685.5	-23.1376383092893
1687.5	-20.4909648929383
1689.5	-19.8704988502914
1691.5	-29.0069268002217
1693.5	-24.0580806385674
1695.5	-18.2844737376595
1697.5	-23.1244965393175
1699.5	-26.1243759874687
1701.5	-24.8010525563905
1703.5	-23.3496564406992
1705.5	-23.2708117611937
1707.5	-25.7317397145835
1709.5	-23.93490416637
1711.5	-18.585200012571
1713.5	-25.1539340885543
1715.5	-26.0935680820103
1717.5	-28.2478702621138
1719.5	-19.5454973199644
1721.5	-21.8654763972058
1723.5	-23.5200352235174
1725.5	-27.0450464042465
1727.5	-30.5124470916362
1729.5	-28.4391285953511
1731.5	-30.111380028809
1733.5	-23.8174007700177
1735.5	-28.4747577164821
1737.5	-26.6524544501394
1739.5	-15.2756552927276
1741.5	-24.5654345855332
1743.5	-29.894306013116
1745.5	-27.7668850758359
1747.5	-13.2336860720861
1749.5	-22.9857241789036
1751.5	-20.5618386229667
1753.5	-30.6939195045907
1755.5	-31.2149664116132
1757.5	-25.747155653889
1759.5	-31.7055550580394
1761.5	-31.5714044477272
1763.5	-25.1030911164034
1765.5	-27.7074270568014
1767.5	-23.3411645676551
1769.5	-18.6780009786394
1771.5	-22.8695639439106
1773.5	-22.1257153513943
1775.5	-17.9262202211339
1777.5	-16.5155000660129
1779.5	-30.7390714883713
1781.5	-25.2574825378024
1783.5	-24.7207151686562
1785.5	-23.2927299948847
1787.5	-21.9482957902665
1789.5	-15.7304027022801
1791.5	-28.0518616047016
1793.5	-27.4277712598036
1795.5	-29.1663693158057
1797.5	-24.3651667888998
1799.5	-19.4603283715496
1801.5	-22.569442239248
1803.5	-17.0890351999092
1805.5	-18.5802673410226
1807.5	-28.205066870813
1809.5	-24.8922939513982
1811.5	-31.6058106342393
1813.5	-26.0866377614825
1815.5	-26.0442136584511
1817.5	-18.9229654252877
1819.5	-27.0561027714512
1821.5	-16.4483842210389
1823.5	-22.9004283776917
1825.5	-22.664916490719
1827.5	-13.6673964672168
1829.5	-13.7193993069436
1831.5	-21.1707630380706
1833.5	-26.89960709248
1835.5	-24.9074944095973
1837.5	-28.9473525547523
1839.5	-18.3990702976207
1841.5	-25.0348847777414
1843.5	-20.9263380339025
1845.5	-35.9829521331653
1847.5	-15.6641590063887
1849.5	-27.3444407587217
1851.5	-32.9102849963842
1853.5	-27.3565322601485
1855.5	-38.4777682977701
1857.5	-23.3485200007926
1859.5	-28.1260610964964
1861.5	-18.7044527964626
1863.5	-26.8316641541933
1865.5	-22.822477436931
1867.5	-20.8752590730869
1869.5	-25.890777377057
1871.5	-18.2696511298991
1873.5	-24.6392004109116
1875.5	-34.6688278716611
1877.5	-16.1676881233711
1879.5	-29.0672356908399
1881.5	-31.9696865949691
1883.5	-25.0810244391919
1885.5	-32.7097648084205
1887.5	-25.2715949359017
1889.5	-28.2637796053505
1891.5	-26.4734552094537
1893.5	-30.3740289252787
1895.5	-26.6529360181039
1897.5	-26.6574644939019
1899.5	-19.5433527028899
1901.5	-22.9203484271607
1903.5	-32.1969248662945
1905.5	-31.2915128736267
1907.5	-20.5489647798277
1909.5	-24.0895015647175
1911.5	-19.6106601217589
1913.5	-20.9909452149136
1915.5	-22.4573736908042
1917.5	-27.8128206526712
1919.5	-23.513527124097
1921.5	-23.0834328634032
1923.5	-25.170882831419
1925.5	-28.8609113605203
1927.5	-20.6258669539748
1929.5	-19.6262217997428
1931.5	-32.6538634796939
1933.5	-30.0267811764456
1935.5	-18.768530260957
1937.5	-29.4500921768945
1939.5	-28.2583580362316
1941.5	-27.1971745216842
1943.5	-23.9799791780947
1945.5	-22.4077597542332
1947.5	-28.3016441031241
1949.5	-24.0013577290251
1951.5	-28.7742921465733
1953.5	-25.4541171578167
1955.5	-23.3686664577376
1957.5	-20.2958811565754
1959.5	-31.3350242692154
1961.5	-24.5654175348418
1963.5	-18.3601143414048
1965.5	-25.6961071926112
1967.5	-32.8393732968593
1969.5	-27.7054002588188
1971.5	-27.6551505458283
1973.5	-36.3923735750368
1975.5	-24.0064149207733
1977.5	-27.2211221426187
1979.5	-28.710921391355
1981.5	-32.4312602066179
1983.5	-24.5352716857078
1985.5	-27.847265388556
1987.5	-24.4189742311632
1989.5	-24.0782801056139
1991.5	-15.615868906958
1993.5	-14.6307500191783
1995.5	-29.5395781020593
1997.5	-20.5508707798749
1999.5	-33.9262707489943
2001.5	-29.1866767143274
2003.5	-29.4990464631874
2005.5	-22.8861536483528
2007.5	-23.5369437710797
2009.5	-27.3330927562656
2011.5	-29.5072328911911
2013.5	-21.6944919585508
2015.5	-32.406247449574
2017.5	-22.4196907799146
2019.5	-32.0614160066702
2021.5	-27.9387209947299
2023.5	-31.1002380097689
2025.5	-32.5730789940462
2027.5	-33.3707444796969
2029.5	-17.5592828091671
2031.5	-29.5063365674205
2033.5	-27.8251100487073
2035.5	-24.5221903309439
2037.5	-26.3322391686361
2039.5	-29.9502830987676
2041.5	-34.4225899253765
2043.5	-21.2061488890199
2045.5	-28.7520096336357
2047.5	-29.815962780001
2049.5	-24.9911896199455
2051.5	-26.9150207753269
2053.5	-22.3481905263216
2055.5	-31.3390967729192
2057.5	-30.9332722547856
2059.5	-32.9493059055822
2061.5	-26.9054651523543
2063.5	-34.8786843942512
2065.5	-29.6184051704395
2067.5	-25.0142030140328
2069.5	-21.575426784666
2071.5	-26.4203645452039
2073.5	-25.5042137992068
2075.5	-26.414734562607
2077.5	-28.4542029089725
2079.5	-26.9052720105678
2081.5	-32.4584706153823
2083.5	-34.2336205918809
2085.5	-18.3374428275529
2087.5	-23.512636726136
2089.5	-35.9655543128251
2091.5	-32.8392681767868
2093.5	-29.175235386288
2095.5	-24.9148932876237
2097.5	-26.5435785045979
2099.5	-27.3350083679911
2101.5	-34.5075030140238
2103.5	-19.9513728927172
2105.5	-23.5504108924079
2107.5	-21.9215991875581
2109.5	-27.7001959835484
2111.5	-38.9904271302016
2113.5	-18.3371507203742
2115.5	-31.9346637659769
2117.5	-35.8995178349023
2119.5	-24.0111505762757
2121.5	-17.2817153322608
2123.5	-22.479073555538
2125.5	-29.7373414800113
2127.5	-33.7223430225754
2129.5	-25.733963349885
2131.5	-29.5848182419568
2133.5	-28.4462632132181
2135.5	-31.7173563823121
2137.5	-32.6181966806894
2139.5	-27.2755707340712
2141.5	-27.4250139792534
2143.5	-27.8799397624748
2145.5	-25.3727054731639
2147.5	-30.1459466638776
2149.5	-28.4027707591167
2151.5	-21.5940098205947
2153.5	-19.8897821699261
2155.5	-29.3578502539949
2157.5	-25.8727684115638
2159.5	-28.506928047263
2161.5	-27.8167183730657
2163.5	-22.3046434113203
2165.5	-26.247488475276
2167.5	-24.4311600531364
2169.5	-23.1979519703864
2171.5	-28.4416459527642
2173.5	-33.7118948972043
2175.5	-26.91789110337
2177.5	-29.2233001132477
2179.5	-36.1505108869724
2181.5	-22.9767617179837
2183.5	-39.9342274228984
2185.5	-34.6834714185056
2187.5	-24.3355690305061
2189.5	-36.7630031249223
2191.5	-35.2131945690448
2193.5	-20.6307512973135
2195.5	-27.8090603062637
2197.5	-28.7598670244115
2199.5	-18.4876434686944
2201.5	-29.284313194185
2203.5	-34.2406325107499
2205.5	-15.6668361585562
2207.5	-34.9199162586679
2209.5	-34.5526469494289
2211.5	-31.7724325187492
2213.5	-21.3218140219601
2215.5	-36.032740176563
2217.5	-32.8842134083002
2219.5	-27.2219408728042
2221.5	-15.7817633871928
2223.5	-19.5213207391371
2225.5	-31.7719679060201
2227.5	-26.8718479943027
2229.5	-18.0665690941814
2231.5	-26.5049331998248
2233.5	-27.3999590290155
2235.5	-34.6104391847748
2237.5	-28.3155213411083
2239.5	-23.7126693665282
2241.5	-28.7704027539685
2243.5	-20.6268137683305
2245.5	-29.2297829498834
2247.5	-28.4030573311584
2249.5	-28.297479971081
2251.5	-36.0302082958738
2253.5	-28.0995687590744
2255.5	-29.6486543556821
2257.5	-26.4001698540956
2259.5	-32.634943705677
2261.5	-25.7707608102669
2263.5	-28.1860585481245
2265.5	-33.4014472297049
2267.5	-29.6339063170112
2269.5	-30.4533543453608
2271.5	-36.1481687388505
2273.5	-33.3367528995623
2275.5	-28.1086630734408
2277.5	-16.5494370394813
2279.5	-32.9411274523595
2281.5	-16.9871499089663
2283.5	-29.757728082976
2285.5	-25.1815694106176
2287.5	-21.1101581396906
2289.5	-25.1495568519385
2291.5	-38.9776598180583
2293.5	-26.9591899644506
2295.5	-29.0911948299195
2297.5	-32.1876095698562
2299.5	-20.3962293750387
2301.5	-29.8324854526272
2303.5	-29.2035181273704
2305.5	-32.2733843367905
2307.5	-30.5460761640384
2309.5	-34.4374506378253
2311.5	-35.0741013186257
2313.5	-26.4321154099275
2315.5	-25.4860805769758
2317.5	-24.3557077656151
2319.5	-27.3215701699605
2321.5	-25.0055028851011
2323.5	-22.3037101738337
2325.5	-25.6945144667079
2327.5	-32.3840364622624
2329.5	-24.1118523944024
2331.5	-28.164009853283
2333.5	-30.6790335217606
2335.5	-29.3238774438373
2337.5	-22.9042762042072
2339.5	-38.0551004135632
2341.5	-32.4528982991646
2343.5	-36.1933119405121
2345.5	-29.0150130429906
2347.5	-32.4778278711988
2349.5	-31.933131114668
2351.5	-25.1124523679268
2353.5	-28.1788247691152
2355.5	-26.0577874914507
2357.5	-19.9259840258746
2359.5	-26.5637483358933
2361.5	-34.6831437503333
2363.5	-33.0573940055747
2365.5	-34.0604785739379
2367.5	-32.7865558878839
2369.5	-35.503306467298
2371.5	-27.9547024708932
2373.5	-32.1922837732172
2375.5	-31.595175871666
2377.5	-32.4668551881964
2379.5	-38.5330613574702
2381.5	-29.3399223638062
2383.5	-37.5494626493996
2385.5	-29.4715463041052
2387.5	-32.6767880763668
2389.5	-23.1599368000429
2391.5	-29.940066564448
2393.5	-29.5055880584478
2395.5	-36.3430979782033
2397.5	-36.0386583069494
2399.5	-28.1899382956831
2401.5	-27.8033023804041
2403.5	-30.5579503269378
2405.5	-27.4739620135201
2407.5	-24.8801453671617
2409.5	-33.990484044617
2411.5	-36.0421659819876
2413.5	-29.4615950563489
2415.5	-34.1042501375487
2417.5	-30.5731179047507
2419.5	-27.4266111415368
2421.5	-29.6958848973341
2423.5	-29.179244144821
2425.5	-36.1163718759321
2427.5	-26.9883864628978
2429.5	-31.751231776916
2431.5	-31.2750789542602
2433.5	-34.4162769868021
2435.5	-29.9411821445287
2437.5	-32.8724912305811
2439.5	-35.2239049816581
2441.5	-33.2673609872118
2443.5	-33.4447991946004
2445.5	-37.0638908746382
2447.5	-30.0340401063768
2449.5	-24.02769371659
2451.5	-33.8925821291587
2453.5	-26.0131930662828
2455.5	-29.7563073048932
2457.5	-27.3206344936625
2459.5	-33.2329983300419
2461.5	-31.4110201554831
2463.5	-34.1190540734178
2465.5	-33.8610569683742
2467.5	-35.376783360392
2469.5	-36.3837443178986
2471.5	-33.5977295768594
2473.5	-32.668272016148
2475.5	-25.0314439689323
2477.5	-33.1139764373743
2479.5	-25.8369224225835
2481.5	-23.9095021465168
2483.5	-31.4892195552329
2485.5	-35.5561586630706
2487.5	-26.5624266780487
2489.5	-31.5511732269506
2491.5	-24.2305491994803
2493.5	-25.5575682711478
2495.5	-38.1963734787955
2497.5	-30.849637418175
2499.5	-32.4202340796082
2501.5	-30.8252783240168
2503.5	-29.2857329496983
2505.5	-34.1357139326974
2507.5	-34.0909658037863
2509.5	-28.9502082302915
2511.5	-32.2906459164824
2513.5	-31.0378211903831
2515.5	-35.7705736637417
2517.5	-30.6094490095743
2519.5	-40.1552595835833
2521.5	-36.6491421988289
2523.5	-31.6664489849977
2525.5	-27.8887140194001
2527.5	-31.2651623184415
2529.5	-26.9181939743835
2531.5	-27.2146110321705
2533.5	-35.9311460347453
2535.5	-25.2868403574453
2537.5	-36.4989750955797
2539.5	-32.3034754299556
2541.5	-37.5605460447723
2543.5	-30.1202819852833
2545.5	-23.8976764412782
2547.5	-25.8345612389785
2549.5	-27.5758084986892
2551.5	-31.0950594930569
2553.5	-29.3368841653551
2555.5	-33.1030847604588
2557.5	-33.1157036339382
2559.5	-28.3580285407766
2561.5	-21.2549495031712
2563.5	-31.9214042420112
2565.5	-34.3278166074679
2567.5	-40.0252511690637
2569.5	-26.5349362000989
2571.5	-28.5419411338344
2573.5	-28.8695184880958
2575.5	-31.2858547003975
2577.5	-31.7409890344588
2579.5	-26.5434231557529
2581.5	-36.2698467701139
2583.5	-30.1347196635634
2585.5	-29.4665137672328
2587.5	-38.2328629294575
2589.5	-29.6211080525441
2591.5	-30.7464828246739
2593.5	-22.9877749296156
2595.5	-31.7058312798981
2597.5	-22.7143931630935
2599.5	-28.4806266531759
2601.5	-29.7363614320839
2603.5	-33.5154008704171
2605.5	-34.0463402914929
2607.5	-34.6204876143456
2609.5	-37.208463880092
2611.5	-36.0770047600849
2613.5	-36.9258410127377
2615.5	-34.482231035769
2617.5	-25.4612025133997
2619.5	-38.3647855218633
2621.5	-32.0634201159328
2623.5	-37.9706920725621
2625.5	-32.1373394971629
2627.5	-33.0616983131454
2629.5	-36.359435040491
2631.5	-37.9824604050355
2633.5	-34.7015105405426
2635.5	-40.3860807388519
2637.5	-29.6835447460298
2639.5	-41.455086713635
2641.5	-33.0228081737578
2643.5	-31.2675444512129
2645.5	-30.4275275925938
2647.5	-28.6449028034499
2649.5	-28.5652827561817
2651.5	-32.6875234370946
2653.5	-32.1401460432639
2655.5	-37.2030604273191
2657.5	-30.0675584801847
2659.5	-34.880560208398
2661.5	-26.7564941632127
2663.5	-23.7949991901774
2665.5	-36.4854094123002
2667.5	-27.8295593604344
2669.5	-22.9227061956663
2671.5	-34.6349398170723
2673.5	-30.9111047696142
2675.5	-32.9760836176592
2677.5	-19.8008882817994
2679.5	-24.3927278291258
2681.5	-31.9090087479844
2683.5	-32.753635152565
2685.5	-35.7155458924594
2687.5	-39.3213845640166
2689.5	-29.1682198377989
2691.5	-30.456883012514
2693.5	-44.2820958267971
2695.5	-43.1892019051793
2697.5	-32.404550414084
2699.5	-32.3303595115158
2701.5	-35.2994231103453
2703.5	-28.0064632660228
2705.5	-32.0113180274934
2707.5	-32.7555105556462
2709.5	-33.9805600322156
2711.5	-25.6184345665056
2713.5	-44.8568408724223
2715.5	-38.0878695367051
2717.5	-31.9538807130052
2719.5	-37.8732126225364
2721.5	-33.1367198728158
2723.5	-34.1949973695987
2725.5	-38.1875129538853
2727.5	-30.9190601165847
2729.5	-27.3554353456152
2731.5	-33.9763460173667
2733.5	-29.4036290568647
2735.5	-40.1960999630296
2737.5	-30.2385065517255
2739.5	-36.1139757212518
2741.5	-27.1088912484129
2743.5	-33.4318045974305
2745.5	-30.6403717400231
2747.5	-28.4242398868346
2749.5	-34.590978962699
2751.5	-31.5822441716232
2753.5	-31.6224254031472
2755.5	-34.841443693369
2757.5	-34.5296236055478
2759.5	-36.241810218276
2761.5	-22.2612294754044
2763.5	-39.5473982352523
2765.5	-34.5082621719416
2767.5	-24.3775238102266
2769.5	-32.0560488472693
2771.5	-34.3309575469143
2773.5	-37.2092068534575
2775.5	-32.8538672063705
2777.5	-32.2248618380981
2779.5	-35.7640910607988
2781.5	-32.6927174389134
2783.5	-31.8911622078786
2785.5	-35.3661706851017
2787.5	-25.7304515298752
2789.5	-45.0326358583243
2791.5	-34.7244136019067
2793.5	-27.03954609734
2795.5	-31.962081569724
2797.5	-32.1118159727189
2799.5	-30.5114021558988
2801.5	-33.7974891212421
2803.5	-37.318341737177
2805.5	-29.9956966252112
2807.5	-39.5291335469437
2809.5	-31.7297177754485
2811.5	-35.900456725602
2813.5	-35.3321125137973
2815.5	-31.7095259897446
2817.5	-23.91919806632
2819.5	-32.966749237281
2821.5	-30.6074169726608
2823.5	-33.6281185847874
2825.5	-32.611457961747
2827.5	-28.2930246405285
2829.5	-37.9735305060617
2831.5	-36.1937873807083
2833.5	-26.0214623496277
2835.5	-35.6032119622164
2837.5	-39.9859978279665
2839.5	-35.4548886779644
2841.5	-25.2270048281316
2843.5	-37.7140861713438
2845.5	-29.953570317336
2847.5	-30.4421332103843
2849.5	-34.0800694079903
2851.5	-34.9691017541331
2853.5	-36.1830683796225
2855.5	-33.5678211573936
2857.5	-34.3733849809855
2859.5	-40.7295233298682
2861.5	-47.4867191910394
2863.5	-38.3605202299191
2865.5	-40.7301267892144
2867.5	-34.5513856321531
2869.5	-32.3464668971005
2871.5	-34.6487673083702
2873.5	-31.3509527729725
2875.5	-36.302704812199
2877.5	-35.1033086732568
2879.5	-37.2719114331003
2881.5	-38.0724190596998
2883.5	-39.3944024154375
2885.5	-29.442597020332
2887.5	-43.7723949558263
2889.5	-48.0771962661679
2891.5	-32.8349729278943
2893.5	-32.7987111679145
2895.5	-34.6943514200752
2897.5	-31.3072281191944
2899.5	-40.246048315491
2901.5	-39.3123397270274
2903.5	-36.8467508444155
2905.5	-37.0087181743597
2907.5	-24.3965380503191
2909.5	-49.0991838246214
2911.5	-38.8422231691256
2913.5	-35.1538882471878
2915.5	-34.2083096804854
2917.5	-43.6935528854438
2919.5	-22.994502975841
2921.5	-35.1506049287214
2923.5	-34.3800829929032
2925.5	-36.9834565137357
2927.5	-35.6226668515387
2929.5	-36.314063637155
2931.5	-33.5963271719215
2933.5	-31.0264476268435
2935.5	-39.4007630560664
2937.5	-37.0877438707289
2939.5	-32.6072412442127
2941.5	-29.4250606155738
2943.5	-31.0528884153691
2945.5	-26.8703358850462
2947.5	-35.8818891146188
2949.5	-42.9951809009985
2951.5	-47.318620086497
2953.5	-36.7421944342559
2955.5	-40.7696462808858
2957.5	-27.3967255168177
2959.5	-31.6927441665507
2961.5	-33.8318879243075
2963.5	-39.7770287410385
2965.5	-34.9728469939278
2967.5	-45.6601791456605
2969.5	-27.7978761213976
2971.5	-35.7632806671677
2973.5	-32.036419796867
2975.5	-29.7755169687857
2977.5	-40.3387928273478
2979.5	-37.6823706203759
2981.5	-29.8043515912655
2983.5	-35.9449811601894
2985.5	-23.3279118092814
2987.5	-36.6329519892897
2989.5	-40.5503847491818
2991.5	-33.1973168950826
2993.5	-40.1489041504774
2995.5	-38.1470251254154
2997.5	-37.8641069128453
2999.5	-30.0572301491297
3001.5	-35.9082769932957
3003.5	-39.4972714722098
3005.5	-31.7600105043921
3007.5	-28.0095172335982
3009.5	-31.6293667652885
3011.5	-36.3099763370542
3013.5	-34.667042853654
3015.5	-34.3495668633568
3017.5	-38.7108454063464
3019.5	-38.0280145533225
3021.5	-33.350323529799
3023.5	-37.0331849443401
3025.5	-39.7333493364863
3027.5	-39.1379545464301
3029.5	-39.7875725207755
3031.5	-36.6776779566831
3033.5	-37.361171157228
3035.5	-34.0083134240522
3037.5	-38.2439549914088
3039.5	-39.5420226175074
3041.5	-31.5182042734846
3043.5	-35.5448486090031
3045.5	-45.667999477118
3047.5	-33.5883609802459
3049.5	-30.3276577718193
3051.5	-40.0008182463162
3053.5	-33.9668542883346
3055.5	-32.168278645197
3057.5	-31.5768795690083
3059.5	-34.607219296699
3061.5	-38.2268390804611
3063.5	-31.949366041883
3065.5	-39.5315458421937
3067.5	-32.5575022784205
3069.5	-35.773745347507
3071.5	-34.1226727891117
3073.5	-31.9768702360116
3075.5	-46.7793835069301
3077.5	-39.0389907151111
3079.5	-33.1010482435036
3081.5	-34.6714527966647
3083.5	-39.8300160004223
3085.5	-30.5911050192931
3087.5	-39.0203709623811
3089.5	-42.5789144717169
3091.5	-34.0176864258237
3093.5	-37.4022303094316
3095.5	-30.9364581712653
3097.5	-40.8345124135299
3099.5	-34.4439522065709
3101.5	-31.570009065977
3103.5	-33.1455740395459
3105.5	-43.1441078465714
3107.5	-34.8483158812901
3109.5	-37.5442890345553
3111.5	-38.5019789912931
3113.5	-39.0383042102599
3115.5	-44.6133329625359
3117.5	-45.5935384752838
3119.5	-27.7574080054865
3121.5	-32.868481337056
3123.5	-41.5064367567911
3125.5	-40.2004999940286
3127.5	-32.7246380217084
3129.5	-42.3619556701669
3131.5	-32.0663872449863
3133.5	-36.9917644060042
3135.5	-33.7680774522732
3137.5	-30.0555022179901
3139.5	-38.3240594451099
3141.5	-39.4824954238825
3143.5	-40.4753565610781
3145.5	-43.7385642078243
3147.5	-34.3307752939972
3149.5	-29.2990716491422
3151.5	-39.5619726834866
3153.5	-36.1340780757891
3155.5	-31.4836667641589
3157.5	-32.8146920635986
3159.5	-37.6520628815697
3161.5	-36.8331071678622
3163.5	-35.8623508820128
3165.5	-40.0087764428786
3167.5	-32.8158050274901
3169.5	-46.2564120193074
3171.5	-45.2411751708291
3173.5	-28.6943982733474
3175.5	-33.0744321346783
3177.5	-38.7313097420179
3179.5	-42.8496239177275
3181.5	-27.841684148681
3183.5	-37.8851421322374
3185.5	-35.7235855742174
3187.5	-35.084122396147
3189.5	-33.6217862250887
3191.5	-37.1889562888591
3193.5	-30.9331270078237
3195.5	-37.2297284525348
3197.5	-44.7069875143616
3199.5	-38.074063933715
3201.5	-37.8541718607144
3203.5	-39.350732264239
3205.5	-28.6580538510357
3207.5	-46.0182759647423
3209.5	-33.8228321879678
3211.5	-38.8144432750669
3213.5	-44.2759065568584
3215.5	-38.7276200843426
3217.5	-27.9202785447974
3219.5	-34.9558660477255
3221.5	-35.3994039207364
3223.5	-43.5104527246108
3225.5	-31.2201299680282
3227.5	-35.7485370933878
3229.5	-38.3637651212098
3231.5	-34.6316859739713
3233.5	-44.345667212513
3235.5	-37.873733401781
3237.5	-38.4240135172363
3239.5	-34.7769324096384
3241.5	-35.8052576595678
3243.5	-39.4723810401456
3245.5	-39.8230055806948
3247.5	-29.2625945101317
3249.5	-40.9691778594056
3251.5	-32.84970574729
3253.5	-36.2776173965563
3255.5	-50.2968973235097
3257.5	-36.7352364094795
3259.5	-37.8857864331408
3261.5	-38.0992243560672
3263.5	-32.4113434844676
3265.5	-34.9777881018604
3267.5	-38.1400824141238
3269.5	-34.3610329133517
3271.5	-37.2801539955663
3273.5	-40.1003844340707
3275.5	-34.7142073575519
3277.5	-24.477782757187
3279.5	-42.7071309585353
3281.5	-44.1006618009019
3283.5	-39.5566362027062
3285.5	-38.8455443395337
3287.5	-35.9424337990063
3289.5	-42.0955569206985
3291.5	-43.1213013619017
3293.5	-34.7001477212948
3295.5	-37.7418835979088
3297.5	-29.0491620123335
3299.5	-33.8519093675091
3301.5	-30.2867480525438
3303.5	-27.9688172872438
3305.5	-41.4903108211593
3307.5	-42.1305727030654
3309.5	-40.9582947505874
3311.5	-36.5173478767288
3313.5	-41.2372830162344
3315.5	-33.8464500271625
3317.5	-43.3694482545811
3319.5	-31.8007175713219
3321.5	-42.9806739470732
3323.5	-35.3720699203532
3325.5	-36.7665813847016
3327.5	-44.811585291297
3329.5	-29.1118049576039
3331.5	-37.2012896667175
3333.5	-36.1742402914588
3335.5	-33.1191863134318
3337.5	-42.0834688191521
3339.5	-35.1653098025577
3341.5	-28.4953641242951
3343.5	-41.1166419853726
3345.5	-37.9140428884339
3347.5	-40.9933871138774
3349.5	-24.8165815508933
3351.5	-27.9369852664095
3353.5	-36.8911325171484
3355.5	-40.8014649822753
3357.5	-31.5262456359678
3359.5	-32.0048849919435
3361.5	-39.1457578465229
3363.5	-39.6072965999724
3365.5	-43.2205859944452
3367.5	-34.9911962270476
3369.5	-26.6828453721309
3371.5	-28.1618252164308
3373.5	-35.2653824032323
3375.5	-46.6969850292835
3377.5	-33.69135063868
3379.5	-40.1638753419479
3381.5	-31.2550521702842
3383.5	-34.9360274594374
3385.5	-39.2679972644864
3387.5	-29.4079132816964
3389.5	-39.3912624900968
3391.5	-48.2097895459738
3393.5	-45.5290396554246
3395.5	-29.7879024533563
3397.5	-37.1269977984298
3399.5	-33.5271411481849
3401.5	-38.5908005726742
3403.5	-39.9363487204459
3405.5	-38.8334344366854
3407.5	-37.6208475919452
3409.5	-44.708752411861
3411.5	-38.6128540748955
3413.5	-40.816864933628
3415.5	-44.9483825270809
3417.5	-40.0339072473853
3419.5	-43.4909058654926
3421.5	-40.5360046046699
3423.5	-38.3900768752405
3425.5	-30.0965861016161
3427.5	-41.8893852225365
3429.5	-40.5421944130985
3431.5	-42.0661346743414
3433.5	-43.4673248110303
3435.5	-34.0080659710748
3437.5	-36.3624922148629
3439.5	-31.420263227647
3441.5	-41.4060218671311
3443.5	-42.5890377960418
3445.5	-36.1548700741182
3447.5	-41.9384838293208
3449.5	-41.0623389874836
3451.5	-40.3868629836188
3453.5	-37.7439636701165
3455.5	-34.4553152513395
3457.5	-40.5737576247002
3459.5	-37.0849807962131
3461.5	-37.0880040440288
3463.5	-40.6264020494618
3465.5	-41.9424818799284
3467.5	-41.8374570611859
3469.5	-38.325494997282
3471.5	-41.7532773715402
3473.5	-39.4398433376177
3475.5	-46.3012509009527
3477.5	-49.7102602794662
3479.5	-43.990782862893
3481.5	-32.8254432065223
3483.5	-45.8124983315815
3485.5	-31.552749265762
3487.5	-40.9279840792028
3489.5	-27.3595058223978
3491.5	-37.8040540978423
3493.5	-33.3384569884056
3495.5	-36.7712713786591
3497.5	-35.2318379115368
3499.5	-30.8056240711849
3501.5	-33.9852469446159
3503.5	-42.099545514664
3505.5	-35.4924004216714
3507.5	-31.7857273148247
3509.5	-42.5462097017571
3511.5	-43.3418263194089
3513.5	-39.3763043113095
3515.5	-42.4363349798732
3517.5	-45.4913869498987
3519.5	-41.4606775981024
3521.5	-34.8973026044173
3523.5	-37.0327437361693
3525.5	-46.1812745792845
3527.5	-38.9985662898575
3529.5	-39.6132059937945
3531.5	-39.9021066054552
3533.5	-28.2108967535596
3535.5	-35.9991863485066
3537.5	-35.6646156681422
3539.5	-40.5111399796792
3541.5	-46.115686058994
3543.5	-36.511461170614
3545.5	-54.5354609122028
3547.5	-34.0884097910121
3549.5	-41.816861013082
3551.5	-38.9259067069306
3553.5	-45.377831287009
3555.5	-48.8640765708546
3557.5	-37.3826255051326
3559.5	-37.8867605024748
3561.5	-46.1656594424294
3563.5	-40.7919547658498
3565.5	-37.6810644724451
3567.5	-42.8376653199439
3569.5	-43.8658134308903
3571.5	-32.4399637856695
3573.5	-36.4855120954485
3575.5	-46.1876331315857
3577.5	-29.6555824259026
3579.5	-37.1428875966694
3581.5	-37.653235300907
3583.5	-39.2171145404754
3585.5	-40.3290338168576
3587.5	-44.129072478464
3589.5	-32.4826179717661
3591.5	-48.4293059350066
3593.5	-47.7759552818934
3595.5	-46.1495866742621
3597.5	-39.9583000672451
3599.5	-44.9197410800134
3601.5	-37.1644624989131
3603.5	-39.0581501635079
3605.5	-38.894319001955
3607.5	-47.0435036936528
3609.5	-42.7299331248241
