1.5	11.3215408746373
3.5	-2.55631717482265
5.5	-3.65868072912235
7.5	-3.78339207853605
9.5	-2.26212340897109
11.5	-7.23078952048945
13.5	-8.46303438221457
15.5	1.72513410806096
17.5	-1.56844721925336
19.5	-6.14505250010279
21.5	-16.6602620937265
23.5	-8.17662513613504
25.5	5.75399487383584
27.5	2.180633361937
29.5	-7.55954298909182
31.5	0.0873189875528624
33.5	-4.67159389605695
35.5	-2.71097652544904
37.5	-10.494692102784
39.5	-2.44778052913716
41.5	-2.93538284119222
43.5	-4.72293040586646
45.5	-0.354339480179988
47.5	-3.98936344497906
49.5	-9.72907847029637
51.5	-0.102348234961028
53.5	-0.757767906270601
55.5	-3.48610149221167
57.5	0.0711905873458818
59.5	2.88200216572113
61.5	6.33141240863006
63.5	2.67080077221999
65.5	-4.08607186122845
67.5	-8.81813657576913
69.5	4.27288409960511
71.5	-14.3816068432243
73.5	6.17398281508213
75.5	-7.79551089960569
77.5	-8.55506772339049
79.5	9.49451335886806
81.5	-2.04728813975271
83.5	6.20511526149221
85.5	-8.64022660235605
87.5	-4.84711942508238
89.5	-5.18622256763774
91.5	-0.652973493713944
93.5	-6.30760612360336
95.5	-5.79258432311508
97.5	-0.717597938948529
99.5	0.521546870640123
101.5	-17.0421581550399
103.5	-7.51430671692196
105.5	-11.2316473011288
107.5	-6.55388251141267
109.5	-5.18791580300058
111.5	-3.7824029518406
113.5	-0.925864767657913
115.5	-0.23382849929385
117.5	-6.48816856253598
119.5	-4.55006772378783
121.5	-6.78420031411224
123.5	-1.03225028033921
125.5	-0.385321539189135
127.5	-6.42544355131668
129.5	-1.5323904978568
131.5	-3.45661518770248
133.5	-7.77951176359784
135.5	-4.69993387423165
137.5	2.20873736760768
139.5	-7.54031984870289
141.5	1.23170826976639
143.5	-2.68859853957838
145.5	-7.74054265027826
147.5	0.0336588849249893
149.5	-9.11244976299713
151.5	-3.57155391870674
153.5	-4.71700124962445
155.5	-4.9558124695277
157.5	-7.14179414434511
159.5	-0.549317263293233
161.5	-11.2038904311639
163.5	-6.82718050611675
165.5	-9.35656640032084
167.5	-3.6761507342444
169.5	0.0482901957393551
171.5	-0.0144948539500547
173.5	5.73184587646301
175.5	-0.573178704801649
177.5	-1.49227836801401
179.5	0.44103133462886
181.5	-5.80937570126571
183.5	-5.54299105568316
185.5	-6.69836400183158
187.5	7.58261145975939
189.5	-5.19110851421101
191.5	-9.42273400091199
193.5	1.53196300211039
195.5	-5.30717160870518
197.5	-9.43139734071337
199.5	-1.28603067116001
201.5	-8.84919082397755
203.5	-4.20166487140068
205.5	-0.689535977357991
207.5	-9.67992887226774
209.5	-7.14108204089644
211.5	-3.48388025529766
213.5	-7.1989838597483
215.5	3.4419082503664
217.5	-1.12929248512955
219.5	-8.39755512542615
221.5	-3.41071186673162
223.5	-1.59969402735896
225.5	-4.76127224108041
227.5	-3.10483280258086
229.5	-0.764576883140762
231.5	-5.13907609856869
233.5	1.85298051543396
235.5	-2.8827157155356
237.5	-4.44033857291652
239.5	-4.04935663588458
241.5	-5.60056773139877
243.5	-6.22652999312231
245.5	-2.64217423415994
247.5	-8.95534579455943
249.5	-1.48168288035504
251.5	9.06440813630979
253.5	2.84659199596808
255.5	-4.90017398800956
257.5	-0.354943913300303
259.5	-10.6591488686954
261.5	-1.3963450696001
263.5	-5.85658809026427
265.5	-3.39752771315398
267.5	3.61028537385664
269.5	-8.88575685039905
271.5	0.960463681732108
273.5	-1.83930525110191
275.5	-1.25826601568497
277.5	6.46513871871139
279.5	-5.40540690214311
281.5	-4.12678173549375
283.5	0.0400812028938162
285.5	-0.995741917225132
287.5	-13.8142902229001
289.5	-1.55234804994143
291.5	-5.6214835981591
293.5	-4.27249405979637
295.5	-1.33548445407359
297.5	0.675685275215983
299.5	5.85344791147963
301.5	-2.95882082848857
303.5	-0.585228387015377
305.5	-10.060112987434
307.5	4.56397300543358
309.5	-0.572803996346011
311.5	-2.73742826830949
313.5	-11.7180279891381
315.5	-7.0181223873933
317.5	-12.5066004256687
319.5	-2.70421987346435
321.5	-3.91443688712388
323.5	5.79737738453059
325.5	-3.13255105374174
327.5	-10.4349184140419
329.5	-3.74771085916473
331.5	-5.70583127832288
333.5	-7.69492563322547
335.5	-1.93986676658096
337.5	-4.14778405869129
339.5	-14.5172156131312
341.5	-5.79156869700819
343.5	6.13915141543293
345.5	-3.87934308380409
347.5	-3.67892890203893
349.5	-2.93446472940013
351.5	-6.92491606807835
353.5	-5.25147903172819
355.5	3.24005038498854
357.5	0.237175562621815
359.5	-6.58082032519178
361.5	-13.8372605677232
363.5	-3.69600175972755
365.5	-2.28324699007862
367.5	-9.09275413173327
369.5	-2.60907074258557
371.5	0.0132255579528646
373.5	0.503729925264452
375.5	-1.37735820230046
377.5	-16.5033489804982
379.5	-1.68858169717623
381.5	-7.63870256087557
383.5	-8.22547348469652
385.5	-2.46512196931053
387.5	-6.55570559300759
389.5	-10.4484988579406
391.5	-0.759835177176683
393.5	-3.38617309334495
395.5	-4.48127485250279
397.5	0.0490476647137257
399.5	-3.90961139829687
401.5	-4.0116439615249
403.5	-2.48287659983907
405.5	9.17187479006225
407.5	-1.61345808358237
409.5	-3.60206458787343
411.5	-4.40495367950462
413.5	4.13385888731591
415.5	-0.0341392785321659
417.5	-3.33566047613658
419.5	-6.22876962153259
421.5	1.25695907883437
423.5	-3.74039269886816
425.5	-9.58506976446006
427.5	-7.72533127186034
429.5	-3.95733727848528
431.5	-8.64784408243941
433.5	-5.59677131541866
435.5	-0.821009937859344
437.5	-1.23335055125062
439.5	-4.52901369186566
441.5	5.71843616681144
443.5	-7.47002275384966
445.5	5.77638233374273
447.5	-8.90771136967123
449.5	-6.86189997985912
451.5	-2.57885635409184
453.5	-8.1226780186098
455.5	-4.82349056140811
457.5	0.906499114636063
459.5	2.34514237849271
461.5	-5.58721499387593
463.5	-9.31128240847374
465.5	-10.7446001478147
467.5	-0.425986946594094
469.5	-12.0436655353751
471.5	-3.57345703729061
473.5	-6.2957286313067
475.5	-5.95948547294029
477.5	-0.312158358276065
479.5	-8.29608942564937
481.5	-1.69282520916386
483.5	4.12116304310075
485.5	-3.4125525025047
487.5	5.46465209858707
489.5	-0.685816354357485
491.5	-5.87206107728434
493.5	-9.82652021454123
495.5	-5.7517607024156
497.5	0.492674585470922
499.5	-5.47121450446684
501.5	-3.79013637534081
503.5	-9.09803195084805
505.5	-16.9792394265896
507.5	-9.6424928352917
509.5	-2.89735211998413
511.5	-4.91732607609356
513.5	-3.15926882042368
515.5	-8.65722580895726
517.5	-2.79871920146979
519.5	-4.45880505122204
521.5	-5.38641586529957
523.5	-5.74720242646617
525.5	-3.7376757267084
527.5	-9.05797817647635
529.5	-16.5943698036781
531.5	-2.86051531422163
533.5	-8.29868509554581
535.5	-0.122631575902233
537.5	-1.45836425674133
539.5	2.45022718332439
541.5	-6.54314527789666
543.5	-0.349529955365142
545.5	-10.76100260363
547.5	-3.51368056971205
549.5	-3.50698590302909
551.5	-6.45126045938014
553.5	-6.06042917667583
555.5	0.715060427746721
557.5	-11.847951616247
559.5	3.04491814832181
561.5	-11.5986318886444
563.5	2.37652686251477
565.5	-3.92630946000918
567.5	-9.64372051995997
569.5	-6.92747192622301
571.5	-8.3712835124943
573.5	-5.18846364419733
575.5	-6.8169483827287
577.5	-7.33558534812346
579.5	-4.52855745315355
581.5	-8.71337707197745
583.5	0.311537421242065
585.5	-5.84487608735253
587.5	-3.90723148156394
589.5	-1.80127859035019
591.5	-5.6148496817741
593.5	-7.64754541527327
595.5	-2.21990726741569
597.5	-15.9208904963134
599.5	1.63060201963981
601.5	-7.13601829760501
603.5	-15.5333357718491
605.5	4.60735599951022
607.5	-16.4191196287447
609.5	1.69862773453497
611.5	-11.5012595675644
613.5	-10.4828132750044
615.5	-8.75758369706728
617.5	-7.59567702828463
619.5	-4.46781850735533
621.5	-7.6402928028192
623.5	-3.59041814406555
625.5	-3.86700640266918
627.5	-7.05415842665661
629.5	-7.13465148749401
631.5	0.0705216854385071
633.5	-5.79297185997075
635.5	-4.46768573880399
637.5	6.05270350888259
639.5	-1.28473229586416
641.5	-6.43889948472861
643.5	-1.38181447319312
645.5	-4.38323104122901
647.5	0.946374774930518
649.5	-5.39838589046303
651.5	-14.7075891501636
653.5	-10.1250640736653
655.5	-5.04736579021119
657.5	-8.46367838438618
659.5	-10.6579965244919
661.5	-4.14458353458485
663.5	-7.85685957534042
665.5	3.73846229244464
667.5	-1.22657408765735
669.5	3.44237060944033
671.5	-8.04784346255565
673.5	-6.37253623412016
675.5	-5.79184275372063
677.5	-1.53403324858209
679.5	-7.10285528276563
681.5	-5.07129312494817
683.5	-4.4481620914803
685.5	-5.86773771360458
687.5	-0.712271203218734
689.5	3.69296733244937
691.5	-4.38267878595798
693.5	5.26634164674306
695.5	-5.62672460949307
697.5	-0.742391223453524
699.5	-3.95276574227137
701.5	-12.2963859034544
703.5	-10.0251113565591
705.5	0.981685929826199
707.5	-11.341346137343
709.5	-2.96221438542125
711.5	-5.45530671301549
713.5	-2.74363391786392
715.5	-2.68589097813492
717.5	-8.24143854902741
719.5	-8.27677447863698
721.5	-4.13245978225586
723.5	-7.58223861106035
725.5	-6.68269194447203
727.5	-8.92280373835001
729.5	-6.74641901529048
731.5	-7.56483047523761
733.5	-8.83337992271845
735.5	-0.628286270788522
737.5	-7.29209473930769
739.5	-11.5989124830639
741.5	-4.64762836407681
743.5	-11.9819086819771
745.5	-3.06373317753423
747.5	-13.8593791994344
749.5	-13.013677544951
751.5	2.00041831909493
753.5	-6.41524979128098
755.5	-14.8273842700601
757.5	9.99942816828661
759.5	-19.7771581832531
761.5	-8.12192994708857
763.5	-6.83387878473968
765.5	-13.4159170358416
767.5	-4.87570775661879
769.5	0.504120487818
771.5	7.44996488223842
773.5	-6.90521607366645
775.5	-6.51806569870314
777.5	3.54428918395752
779.5	-5.30054258597465
781.5	-3.87929026480288
783.5	-9.2144177782875
785.5	-2.44307709821805
787.5	-6.31118314868127
789.5	-9.71329594908912
791.5	-9.4421806659866
793.5	-4.73982999559303
795.5	-10.4740673176557
797.5	-6.03509980272338
799.5	4.49956933085923
801.5	-3.64425748397935
803.5	-8.41675180024322
805.5	-3.13899289032724
807.5	-3.95791998035202
809.5	1.03165847128821
811.5	-2.35817303064141
813.5	-6.40681214920096
815.5	-6.09362663478805
817.5	-6.94340587906663
819.5	-4.37665705753261
821.5	-14.8449412607915
823.5	-3.76807792778345
825.5	-0.64648657484031
827.5	-9.44027896632633
829.5	-3.51414473662862
831.5	-12.0846806347545
833.5	0.557384036217627
835.5	-4.22182676097691
837.5	9.33801387300264
839.5	-6.09188406508201
841.5	-7.44381945045279
843.5	-14.133093656792
845.5	-6.47028468178905
847.5	-8.43969244429081
849.5	-1.87813453271519
851.5	-10.3421972825909
853.5	-11.5150470754634
855.5	2.1288585876955
857.5	-4.26316755146581
859.5	-5.30329201427503
861.5	-0.856143033820445
863.5	-8.85345882583988
865.5	2.2933250370661
867.5	-4.12393652987885
869.5	-0.759134441426795
871.5	-12.2987067930253
873.5	6.20322087288059
875.5	-1.74398395547996
877.5	-10.3609748695544
879.5	-5.90801629155976
881.5	-12.5151574292131
883.5	5.38207468506607
885.5	-6.56407742321335
887.5	-5.12228131238771
889.5	-10.2265988751806
891.5	-9.49460747885951
893.5	-9.06445020971569
895.5	4.45774507348233
897.5	-4.55806194182605
899.5	-8.01173596259378
901.5	-3.57785305353082
903.5	3.03926184564807
905.5	0.909084977327439
907.5	-14.1080637228233
909.5	-8.360723081998
911.5	-4.09940426353478
913.5	-9.36763315232474
915.5	-1.87997193087085
917.5	-5.08265518389362
919.5	-3.09329360998163
921.5	-0.949359025452395
923.5	-0.262403864513544
925.5	-6.31491946945425
927.5	-6.53852533064583
929.5	-4.05797940926914
931.5	-2.64536702002079
933.5	-2.32127362561278
935.5	-8.96645630237617
937.5	-10.5001459378673
939.5	-0.833548586242614
941.5	-4.60776956161681
943.5	-12.0364092301579
945.5	5.00072735105368
947.5	-3.68408754020493
949.5	-22.7222428854948
951.5	0.942657061373211
953.5	-0.283688420699946
955.5	0.706182117714889
957.5	-4.72513808490839
959.5	-11.9161583750192
961.5	-7.79762203720475
963.5	-8.58600035044856
965.5	-12.8848403323591
967.5	-3.68742244623081
969.5	-7.07465569575379
971.5	-1.45197634920714
973.5	-5.62076331986646
975.5	-0.816924410344654
977.5	-0.939163164585807
979.5	-18.1527877392273
981.5	-3.76801423434426
983.5	-6.27179820953006
985.5	-6.07733573474161
987.5	-6.29241658341925
989.5	-6.47192117893792
991.5	-7.23004506261896
993.5	-2.15824878431704
995.5	-7.02145004994145
997.5	-8.82586830837408
999.5	-6.66954314732266
1001.5	-16.1480789170182
1003.5	0.39636420896295
1005.5	0.509855110658464
1007.5	-10.4197343139294
1009.5	-10.8221264281265
1011.5	-8.90938867135901
1013.5	-8.82430603641751
1015.5	-5.01701628468163
1017.5	-16.7640530905919
1019.5	-9.22551812991151
1021.5	-11.4250901665446
1023.5	-6.55155626238047
1025.5	-1.79753913013246
1027.5	-14.0894594164447
1029.5	-5.48034307998842
1031.5	-8.89989262044946
1033.5	-13.2026370755466
1035.5	-8.04237153416216
1037.5	-4.26734846208365
1039.5	-17.6397743386606
1041.5	-10.2019542487769
1043.5	-12.2384579826703
1045.5	1.11456289686976
1047.5	-7.03986470112341
1049.5	-7.01920941675235
1051.5	-10.5573707122348
1053.5	-6.81741377526305
1055.5	-11.9053999691496
1057.5	-12.0707235330337
1059.5	-5.95023142351329
1061.5	-1.27130104018215
1063.5	0.879685544266067
1065.5	-5.18852471170521
1067.5	-1.56115589734509
1069.5	-5.83877190665316
1071.5	-6.49179647900928
1073.5	-2.09386624708986
1075.5	-4.33243962469805
1077.5	-9.14980019184713
1079.5	-4.20263167376834
1081.5	-8.50221948350645
1083.5	-5.64350353686405
1085.5	-2.58253284029524
1087.5	-8.29850720580544
1089.5	-1.81345974227406
1091.5	-8.09222704805779
1093.5	-3.97915045639911
1095.5	-3.55439268440932
1097.5	-6.69220507762293
1099.5	1.31822893632398
1101.5	-4.74011966353282
1103.5	-4.55149409481601
1105.5	-9.75120807127951
1107.5	-10.9376167861228
1109.5	-10.946469146711
1111.5	-5.1222264165699
1113.5	-8.82516741438758
1115.5	-7.48969642124848
1117.5	-11.1683552270324
1119.5	-5.51646575428276
1121.5	-8.67299174225263
1123.5	-8.79423033188777
1125.5	2.12094785116369
1127.5	-9.98283824847749
1129.5	-2.47754092253945
1131.5	2.26988923052431
1133.5	-3.12776772692268
1135.5	0.0350458838620398
1137.5	-5.36808522387491
1139.5	-8.48563660542277
1141.5	-7.35684652114469
1143.5	-7.89608279323056
1145.5	-14.0165253077648
1147.5	-13.9262302240277
1149.5	0.417550616773042
1151.5	-8.45900953958972
1153.5	-9.15162158062867
1155.5	-5.26217939290018
1157.5	-9.03523566184595
1159.5	-3.62203361629963
1161.5	-4.14452339352647
1163.5	1.75642129588869
1165.5	-10.4735185273639
1167.5	-15.0563705145496
1169.5	-10.6837175303699
1171.5	-11.093600468861
1173.5	-5.4805186704989
1175.5	-8.54549910868445
1177.5	-6.57182500520048
1179.5	-8.19397996736279
1181.5	6.9846537143967
1183.5	-6.65701353471013
1185.5	-0.28989398126032
1187.5	-2.4711960827035
1189.5	0.347591871824079
1191.5	-2.48805282655667
1193.5	-7.38020862002304
1195.5	-7.5374893941098
1197.5	-7.86024916161386
1199.5	-6.77103299295686
1201.5	-7.1462398018748
1203.5	-10.0164150562978
1205.5	-7.32299868494374
1207.5	-3.10517895010344
1209.5	-3.18004844986353
1211.5	0.99369466360713
1213.5	-1.84357005684888
1215.5	-7.43255204687557
1217.5	-2.79968713660219
1219.5	-2.53002227902925
1221.5	-5.50446934970205
1223.5	-1.6752851006222
1225.5	-6.6500121182471
1227.5	-6.87437370670068
1229.5	-1.13703582661037
1231.5	-21.4418183440894
1233.5	-7.59343230578179
1235.5	-5.30764131169599
1237.5	-2.00150238351216
1239.5	0.360993085157133
1241.5	-13.7170057994017
1243.5	-2.11698548056484
1245.5	-4.99064076513241
1247.5	-9.12721193948255
1249.5	-5.79985673266856
1251.5	-9.8472798063076
1253.5	-6.36360999506633
1255.5	-9.3844386052815
1257.5	-7.04530639250697
1259.5	-10.5215608870358
1261.5	-10.222432806403
1263.5	-8.79035797422785
1265.5	-8.9844975152364
1267.5	0.631802211843024
1269.5	-9.47494752604416
1271.5	-5.02641329407197
1273.5	-13.6398608892223
1275.5	-5.57200377947356
1277.5	-3.72999029622315
1279.5	1.0943698813744
1281.5	-9.70512160480575
1283.5	-7.79903881366045
1285.5	-4.63353812494006
1287.5	-9.68308792298558
1289.5	-3.22771843691044
1291.5	-4.65679799096779
1293.5	-3.32240241947511
1295.5	-4.45107532327529
1297.5	-12.1116602109587
1299.5	-0.890057618807987
1301.5	-8.56112723415299
1303.5	-2.39312060022257
1305.5	-9.63888186497934
1307.5	0.633782733102635
1309.5	-3.99379254578889
1311.5	-0.902593495723522
1313.5	0.0704175060282068
1315.5	-2.78338639370941
1317.5	-6.34739276800428
1319.5	-10.7046552206884
1321.5	-3.95590789261041
1323.5	-1.88271160259865
1325.5	-14.6949271696503
1327.5	-6.37594510420786
1329.5	-6.80038593666814
1331.5	-9.36239552113602
1333.5	-0.544253079034206
1335.5	-2.76789236632521
1337.5	-4.33916850719743
1339.5	-5.14222023832735
1341.5	-9.75797875947865
1343.5	-8.82594534403324
1345.5	-2.75669949380608
1347.5	-4.56278431525607
1349.5	-10.0809184388017
1351.5	-8.14077704960982
1353.5	2.52154492530826
1355.5	-1.36743108297378
1357.5	-4.217952562959
1359.5	-13.3856572861932
1361.5	-7.59166279425608
1363.5	-2.87972549992901
1365.5	-13.7639326542794
1367.5	-3.18950244773987
1369.5	-7.42246839883774
1371.5	-5.591555113705
1373.5	-3.25669024617582
1375.5	-8.60674517101052
1377.5	2.47797491721121
1379.5	6.58923505714029
1381.5	1.34879783498036
1383.5	-1.05454451861624
1385.5	-7.94522530628547
1387.5	-4.76961963521171
1389.5	-1.36085791281039
1391.5	-6.35363257970766
1393.5	-9.02457128560218
1395.5	-4.10613840424503
1397.5	-5.94494331097303
1399.5	-3.30123776585697
1401.5	-6.5976825353373
1403.5	-12.3965775816441
1405.5	-10.9173459672338
1407.5	-11.5584801272016
1409.5	-3.66574745427079
1411.5	-3.35398877826992
1413.5	-9.24620099031108
1415.5	-8.51613868868935
1417.5	-6.78666551429251
1419.5	-11.296671826437
1421.5	-0.722446852661051
1423.5	-0.0382789321738528
1425.5	1.96691062017362
1427.5	-13.1165885212667
1429.5	-11.5656919458088
1431.5	4.933324960547
1433.5	-8.65951503849737
1435.5	-13.7299096121842
1437.5	-11.0217690836253
1439.5	3.46500806962467
1441.5	-10.5689395434883
1443.5	-1.73162173891342
1445.5	-14.5310439163859
1447.5	-4.54080032638012
1449.5	-11.8054152215354
1451.5	-0.932432056946709
1453.5	0.464802372977829
1455.5	-3.59287616459369
1457.5	-4.437168845202
1459.5	-9.88078525736546
1461.5	-0.116470597491571
1463.5	-12.9100294282935
1465.5	-4.6088571022301
1467.5	-5.75123764869568
1469.5	-5.91439243503282
1471.5	-10.5771959108442
1473.5	-7.81175593263015
1475.5	-7.85649503247259
1477.5	-13.1361749863299
1479.5	-3.84953563326053
1481.5	-10.2100061452447
1483.5	-7.59134722496492
1485.5	-10.2770290864355
1487.5	-2.59754816369241
1489.5	-5.38751481902
1491.5	-11.0424375910316
1493.5	-6.48721322204892
1495.5	-12.6790631669492
1497.5	-4.19470959531918
1499.5	-6.82303230851085
1501.5	-1.18140451747604
1503.5	-3.76427364263145
1505.5	-7.51657710484869
1507.5	-5.21028696018584
1509.5	-7.03035598990573
1511.5	-11.3552974026397
1513.5	2.37383667772519
1515.5	-6.2097069750871
1517.5	-4.65782779617803
1519.5	-13.7082709116521
1521.5	-2.98312482910478
1523.5	-4.90404156854038
1525.5	1.10282113327048
1527.5	-1.89596499681375
1529.5	-14.1642690426597
1531.5	-6.20295152459676
1533.5	-0.310500671906084
1535.5	-8.31186108235306
1537.5	-11.068074929899
1539.5	-7.71874289772768
1541.5	-9.04134999332746
1543.5	-8.25530370899105
1545.5	-15.0681072875077
1547.5	-9.27491067308256
1549.5	-0.555395494518962
1551.5	-13.3812790054508
1553.5	-4.46114941916312
1555.5	0.599198951855215
1557.5	-3.86521569573688
1559.5	-9.95401860004495
1561.5	-11.3084492681828
1563.5	-5.60658578948551
1565.5	-2.48450320863321
1567.5	-11.4148505420271
1569.5	-10.2325083631104
1571.5	-3.60321288536034
1573.5	-8.65641003213932
1575.5	-2.84372073978375
1577.5	-15.2510261247635
1579.5	-6.68553558143594
1581.5	-2.67528372544348
1583.5	-7.87831803547488
1585.5	0.713931559448611
1587.5	-8.30067948312717
1589.5	-0.329056342966396
1591.5	-1.75492308061166
1593.5	1.29126180811272
1595.5	-3.80131173189602
1597.5	-10.7787369072394
1599.5	-7.74493483842434
1601.5	-3.10730302291995
1603.5	-9.59186759493514
1605.5	-1.83833318892539
1607.5	-9.53961794916722
1609.5	-0.0666343850216435
1611.5	-8.12795365976945
1613.5	6.7953073109893
1615.5	-8.11826644317262
1617.5	-1.73064612549388
1619.5	-3.50434889571625
1621.5	3.58435595251649
1623.5	-13.9200763706976
1625.5	-1.94095627493061
1627.5	-7.03873382814072
1629.5	-1.87197490010567
1631.5	-6.33947345434717
1633.5	-13.1285796544562
1635.5	-7.46193928362845
1637.5	-11.5055267674215
1639.5	0.758537891061678
1641.5	-5.87305018884308
1643.5	-4.91039247902154
1645.5	1.49928709199776
1647.5	-7.90850717976355
1649.5	-9.33205758751228
1651.5	-5.59969260201251
1653.5	-11.9302096250331
1655.5	-4.70055096776468
1657.5	-7.28767257998243
1659.5	-6.94891550081047
1661.5	-13.7031722005559
1663.5	-9.27501172918983
1665.5	-1.45128060274419
1667.5	-6.72874220407903
1669.5	-10.7320893142551
1671.5	-10.8603116660443
1673.5	-1.62227539462128
1675.5	-8.51171886105385
1677.5	-6.27447123364982
1679.5	2.92477959756889
1681.5	-10.4619113733388
1683.5	-5.23518653433257
1685.5	1.86158160218838
1687.5	-5.95019764562221
1689.5	-5.07656473098723
1691.5	-10.9004333203302
1693.5	-1.8417683286998
1695.5	-11.4505813330134
1697.5	-3.95167223267981
1699.5	-6.20333014628432
1701.5	-9.24659770721246
1703.5	-3.31625445999998
1705.5	0.46626367502995
1707.5	-4.47867864718773
1709.5	-8.2655900480313
1711.5	0.765041894651404
1713.5	-13.6475161616672
1715.5	-17.3164731009801
1717.5	2.89075339201281
1719.5	-10.1904516437635
1721.5	-4.02803618500457
1723.5	-3.22350149064005
1725.5	-5.33535717542418
1727.5	-10.4406286971516
1729.5	-7.43244213431353
1731.5	-7.3001601891574
1733.5	-2.81983541248246
1735.5	-4.5175677145271
1737.5	-3.27909825577808
1739.5	-9.90578103142525
1741.5	-10.8230708472138
1743.5	-2.31067171008362
1745.5	-5.74643436363931
1747.5	-0.699533916351356
1749.5	-9.17090331211057
1751.5	-4.12318222487102
1753.5	7.61240489959164
1755.5	-8.23249237394884
1757.5	-10.183367174247
1759.5	-6.06654493385668
1761.5	-6.56606031052615
1763.5	-9.62881376984205
1765.5	-9.56204326428815
1767.5	-13.6602930293493
1769.5	-1.14513652416281
1771.5	-1.51158269404641
1773.5	-10.3765054035948
1775.5	-2.46773950976421
1777.5	-5.32622423257726
1779.5	-1.69798769352201
1781.5	-5.45733161806493
1783.5	2.18807063519398
1785.5	-13.219687475982
1787.5	-3.26229653891914
1789.5	-5.12511250661373
1791.5	-6.40829788148949
1793.5	0.711165314116442
1795.5	-5.10371293619119
1797.5	-6.11981395215025
1799.5	-13.1543702297331
1801.5	-8.11360296481053
1803.5	-2.78541351125114
1805.5	0.127872431189644
1807.5	-8.59847854685813
1809.5	-5.0156262164337
1811.5	-6.49743882080656
1813.5	-15.1662008044132
1815.5	-4.87238852135033
1817.5	-3.42758792736549
1819.5	-2.61425596922527
1821.5	-5.62753571895973
1823.5	-3.55610376416189
1825.5	-10.4518160694179
1827.5	-9.9526124615486
1829.5	-5.14552487405763
1831.5	-8.31409092480862
1833.5	-14.8939142252229
1835.5	-15.0270486550144
1837.5	-13.5530922222542
1839.5	1.84690940624296
1841.5	-9.32049397723767
1843.5	-10.496487527249
1845.5	-9.31544039704022
1847.5	-5.52114260803774
1849.5	2.42193447490718
1851.5	2.08509880717884
1853.5	-13.0606679614966
1855.5	-7.99593620652649
1857.5	-12.6247737821323
1859.5	-8.36615199223615
1861.5	-4.62404046893789
1863.5	-13.4694506782362
1865.5	-5.11648917490129
1867.5	-5.66180433512181
1869.5	-7.68787148703359
1871.5	-9.47190890820457
1873.5	-5.87603688979107
1875.5	-9.61083176680586
1877.5	-8.83897410360805
1879.5	-1.6670571611312
1881.5	-9.13157619409412
1883.5	-7.19351477402415
1885.5	-5.15937659592237
1887.5	2.83881751644913
1889.5	-12.5804692848687
1891.5	-13.286784916837
1893.5	-14.4461089860706
1895.5	-9.75029361295037
1897.5	0.595710532060366
1899.5	0.620181921450239
1901.5	-7.83099602190487
1903.5	-7.80058403099065
1905.5	-17.4317214057828
1907.5	-7.09284702240893
1909.5	-0.959941291273026
1911.5	-3.79603681810659
1913.5	-7.74040597837575
1915.5	-2.97294352096469
1917.5	-4.09996142800901
1919.5	-5.89660983391241
1921.5	-2.39462272382843
1923.5	-13.335767350256
1925.5	-2.29283711900644
1927.5	-10.3330520511126
1929.5	-13.1795382048831
1931.5	-8.54666562316834
1933.5	-1.51836513474609
1935.5	-7.29528114357345
1937.5	-7.36258303997056
1939.5	-8.40657106753224
1941.5	-9.50692590674043
1943.5	-16.2014554625757
1945.5	-7.00369021265124
1947.5	-9.62279298616522
1949.5	-3.78072278368836
1951.5	-10.1193891682778
1953.5	-8.63084754779265
1955.5	-10.2540324944666
1957.5	-4.24394595350259
1959.5	7.57175016834844
1961.5	-2.63789255018764
1963.5	-2.68065844953708
1965.5	-6.98710497620777
1967.5	-7.53809667199857
1969.5	-11.2954406730505
1971.5	-8.42478587319874
1973.5	-16.350012936934
1975.5	-0.904794623093949
1977.5	0.827194805803629
1979.5	5.87273790460586
1981.5	-9.36815280755582
1983.5	-5.02072066497021
1985.5	-4.33180971208549
1987.5	-8.41147720477511
1989.5	-2.13100651227069
1991.5	4.26757733990689
1993.5	-6.12974832043528
1995.5	-8.36794979317165
1997.5	-1.08371870536848
1999.5	-7.17515004356119
2001.5	-8.85247849070765
2003.5	-8.04106069148293
2005.5	-16.0039711151985
2007.5	-5.26897098333575
2009.5	-5.02271896121692
2011.5	-4.48175451097268
2013.5	-1.3474824461382
2015.5	-1.01466348914164
2017.5	4.27550768225046
2019.5	-1.78506020596978
2021.5	-8.5081295749369
2023.5	-11.2078252363635
2025.5	-5.78572145865564
2027.5	-14.158902718952
2029.5	-3.27019138924697
2031.5	-7.87354621484974
2033.5	-13.7465585484952
2035.5	-9.72932059853429
2037.5	-2.37584252605393
2039.5	-10.1339029526553
2041.5	3.21782399175572
2043.5	-14.3950620530522
2045.5	0.331152929829841
2047.5	-10.0734373302103
2049.5	-7.02357158263749
2051.5	-5.80293928136871
2053.5	-12.4275170205274
2055.5	-6.06089071217048
2057.5	-1.62024269395442
2059.5	-8.28189180171921
2061.5	-1.69812115304103
2063.5	-4.97142450978208
2065.5	-4.12651275845201
2067.5	-0.935244620234698
2069.5	-7.4522297736612
2071.5	-3.5990549657763
2073.5	-7.19459491260477
2075.5	-2.4404842128788
2077.5	-12.0779522061366
2079.5	-5.7259220166161
2081.5	-16.9307796905168
2083.5	-4.08729228099037
2085.5	-0.250201415224183
2087.5	-0.0288280378945274
2089.5	-9.96703031392826
2091.5	7.21692398772848
2093.5	-10.5198135321907
2095.5	-4.45849003291733
2097.5	-8.20967177840157
2099.5	-2.51594160226978
2101.5	-4.71071598770141
2103.5	-8.34219000937537
2105.5	-4.96620492022794
2107.5	-11.1885023415925
2109.5	-8.53682870764351
2111.5	-4.72538516379336
2113.5	-11.2036934344387
2115.5	-10.0519554034026
2117.5	-9.13705928017407
2119.5	-9.76871761282291
2121.5	-2.50819814658644
2123.5	-8.22476615939468
2125.5	-2.17953348445917
2127.5	-6.79544695847835
2129.5	-7.05360740896049
2131.5	-12.3018074696101
2133.5	-7.12163501021678
2135.5	-3.04354101190256
2137.5	0.512417426662978
2139.5	-3.01080543875105
2141.5	-18.156227840258
2143.5	2.2702764000087
2145.5	-13.4441910627029
2147.5	-2.53689363671037
2149.5	-9.68503702537146
2151.5	-0.299696255089657
2153.5	-6.15751563959384
2155.5	4.15043672637876
2157.5	2.85482594660698
2159.5	-9.61555380348545
2161.5	-8.38577093593631
2163.5	-3.95107388502402
2165.5	-2.31761522060515
2167.5	-12.3543014535853
2169.5	-9.67429325831563
2171.5	-5.3549034765565
2173.5	-4.97926597011792
2175.5	-10.7920301458034
2177.5	-1.78906318084591
2179.5	-4.28382048273397
2181.5	6.01312046419116
2183.5	-4.41967781520452
2185.5	-3.46946044864126
2187.5	-15.1502382063991
2189.5	-7.46849146479599
2191.5	-14.3487811375589
2193.5	-0.255182735939343
2195.5	-7.53165632432956
2197.5	-5.80037644036292
2199.5	2.17824527446828
2201.5	-0.509381836739522
2203.5	-3.95578263534935
2205.5	-10.062482002385
2207.5	-1.89474225584217
2209.5	-9.75530418103699
2211.5	-4.98125593500481
2213.5	1.76228395402541
2215.5	-3.58370738138819
2217.5	-3.50304468167178
2219.5	-7.57107384373921
2221.5	-6.71419900515411
2223.5	-5.83230828296564
2225.5	-3.04856988721622
2227.5	-8.04414537372395
2229.5	-3.35903129051076
2231.5	-1.10014078004588
2233.5	-5.4004269671841
2235.5	-10.0475995997658
2237.5	-10.1808021444549
2239.5	-7.47190789340584
2241.5	-10.2457126633681
2243.5	-10.154453021888
2245.5	-4.00895335776113
2247.5	-2.79597087393904
2249.5	-7.43196278282903
2251.5	-10.4448931357829
2253.5	-2.59968579939141
2255.5	-3.86264922618375
2257.5	-11.5032634372028
2259.5	-6.98734251013684
2261.5	-4.20207095245314
2263.5	-7.25084666208477
2265.5	-1.99177225103813
2267.5	-7.59985082964795
2269.5	-9.93059093503234
2271.5	-16.533832631947
2273.5	-4.12366256084988
2275.5	-2.30798567593956
2277.5	-16.5533686341769
2279.5	-8.65113251038565
2281.5	-1.7567402521845
2283.5	-10.6872664940711
2285.5	-3.57131009463956
2287.5	3.42856012374796
2289.5	-9.34847126546174
2291.5	-5.43990622424735
2293.5	-2.21025950590683
2295.5	-8.98634887982007
2297.5	-4.07385189562228
2299.5	-5.65835732553569
2301.5	-12.754585729188
2303.5	-9.45770585697937
2305.5	3.11452927383743
2307.5	2.27109505908902
2309.5	-10.5756287127351
2311.5	-11.1760784524677
2313.5	-4.63329197446637
2315.5	-6.05092158299794
2317.5	0.177633400262494
2319.5	-3.7801052353534
2321.5	-5.51540045037564
2323.5	-11.4072788313142
2325.5	-1.17515411017484
2327.5	0.153271047375711
2329.5	-7.82886691260956
2331.5	-8.34488014070939
2333.5	-6.00285331657778
2335.5	-7.697661895284
2337.5	-1.59742225336959
2339.5	-6.09485174180372
2341.5	-6.28953699324575
2343.5	0.729625018154366
2345.5	-9.23241115799192
2347.5	-0.697705721559032
2349.5	-8.99276857018231
2351.5	-12.0154237160496
2353.5	-7.19381035758033
2355.5	-6.42962529644865
2357.5	-6.90312496397746
2359.5	-3.98151200501434
2361.5	-7.20351002251118
2363.5	-4.50701984809257
2365.5	-4.28172647407064
2367.5	-13.7554750702293
2369.5	-2.49263296935078
2371.5	-3.67349621253743
2373.5	-17.6833094913563
2375.5	3.3229276067359
2377.5	2.67946143314293
2379.5	-8.93189043041184
2381.5	-13.7541515047315
2383.5	15.1532546371582
2385.5	-2.38322977141434
2387.5	-5.18144078780824
2389.5	-5.14837552500921
2391.5	-7.0434108490781
2393.5	3.14813518126721
2395.5	-9.33837458718062
2397.5	2.22118498330292
2399.5	-2.66726376737188
2401.5	1.76584105882375
2403.5	0.786491068613032
2405.5	-10.6913080003142
2407.5	-8.23585557020033
2409.5	-2.02629473583056
2411.5	1.65309400777187
2413.5	-12.6851714829882
2415.5	-0.990284388100918
2417.5	-5.35083415936606
2419.5	3.91038379216116
2421.5	-8.87080525752299
2423.5	-5.80826383454678
2425.5	-3.49165850040572
2427.5	-1.53733562360048
2429.5	-9.67287301325996
2431.5	-20.6019180679186
2433.5	-5.40923756503435
2435.5	-13.9903070305936
2437.5	-4.60466540327525
2439.5	-8.09848498310294
2441.5	1.76759531803691
2443.5	-8.19838927620276
2445.5	-5.93138555220139
2447.5	-5.0093871626068
2449.5	-0.895328630065706
2451.5	-2.83803223233826
2453.5	1.07369398410538
2455.5	-4.13925452690273
2457.5	1.68025191448305
2459.5	3.32007128480836
2461.5	-4.75879078412709
2463.5	-13.1572619076369
2465.5	-7.83070573965597
2467.5	-13.473983176098
2469.5	-1.56835505283561
2471.5	-3.83118179773282
2473.5	-5.85714313313565
2475.5	-4.37197324829503
2477.5	-6.48193842552791
2479.5	-4.39430014722348
2481.5	-7.33921034089417
2483.5	-0.296234023254328
2485.5	-4.99613039448377
2487.5	5.05324530214784
2489.5	-4.54519130813242
2491.5	-2.99834588849717
2493.5	-11.5501519605559
2495.5	-7.96027890239748
2497.5	-13.0217694858047
2499.5	-7.01851747621004
2501.5	3.78742343849444
2503.5	-1.18660902090051
2505.5	1.98669375277768
2507.5	2.07086826870454
2509.5	-6.62169263610394
2511.5	-10.8823510855318
2513.5	-8.16783190652041
2515.5	-5.46710309578339
2517.5	-10.7699075635646
2519.5	-12.4669379783854
2521.5	-15.4945299629544
2523.5	-2.13915413956329
2525.5	-1.85154246657021
2527.5	-6.64832356781699
2529.5	-5.98306221519124
2531.5	-0.679590930716586
2533.5	1.5162054055545
2535.5	-17.1651463437938
2537.5	0.596409400358425
2539.5	-4.78672404858662
2541.5	-7.33947994083974
2543.5	1.18243025218999
2545.5	-9.26761150242419
2547.5	0.353951433437942
2549.5	-11.7039303712509
2551.5	-4.86526040883655
2553.5	-11.7095615133803
2555.5	-10.9662122905866
2557.5	-12.119988035186
2559.5	-4.60484943427673
2561.5	-6.62153744186435
2563.5	-11.0533228196473
2565.5	-11.8188389478419
2567.5	-8.10144226250122
2569.5	-8.26014545527687
2571.5	-7.0210194521178
2573.5	-8.38570159010942
2575.5	-6.01031845123816
2577.5	-8.75006193903664
2579.5	-10.1948722964034
2581.5	-7.60298701416014
2583.5	-8.47143302527911
2585.5	-8.23790289667795
2587.5	-7.75649356870417
2589.5	-8.84264099449501
2591.5	-13.9732464049257
2593.5	-9.71632081173993
2595.5	-3.5701474189018
2597.5	-10.4003186260261
2599.5	-2.73924797250766
2601.5	-6.40374500895814
2603.5	-4.62972262763651
2605.5	-7.71768021186745
2607.5	-0.557193349717636
2609.5	-2.08298491246296
2611.5	-11.2054956762995
2613.5	-2.3588682867512
2615.5	-3.77135848847865
2617.5	0.909626889991159
2619.5	-15.8341267227461
2621.5	-3.68563926681418
2623.5	-7.80081122634692
2625.5	-5.82475649816661
2627.5	-6.62711539194061
2629.5	-1.82572846447147
2631.5	-1.20600078407915
2633.5	-7.66624731456523
2635.5	-4.47612680892689
2637.5	-0.920362067019596
2639.5	-8.92126284694314
2641.5	-5.15845931147578
2643.5	-12.1782811677958
2645.5	1.34546793161462
2647.5	-6.93849327662883
2649.5	-4.52327641263309
2651.5	-15.4653734003377
2653.5	-1.42585808460717
2655.5	-8.80990596876927
2657.5	-5.25202240830458
2659.5	-8.25587708804142
2661.5	-4.96202607226769
2663.5	-7.04684299157088
2665.5	1.16602943689668
2667.5	-11.8491628942447
2669.5	-7.28767314482775
2671.5	2.02402060266013
2673.5	-7.50311693088497
2675.5	7.0083349595443
2677.5	-4.47145376138178
2679.5	-6.40942414835172
2681.5	-3.01799055950505
2683.5	0.520049935915267
2685.5	-10.7633235528156
2687.5	-0.771082678342282
2689.5	-1.33966488260739
2691.5	-5.00283477088215
2693.5	0.641508587450517
2695.5	-13.1870545817701
2697.5	-12.2917660997546
2699.5	-9.30667605636518
2701.5	-3.57188172634051
2703.5	-0.795078194488269
2705.5	-8.05391761743431
2707.5	-8.37020001533529
2709.5	-5.45259782669382
2711.5	-1.4100268207012
2713.5	-2.10570730109339
2715.5	-10.1578748525435
2717.5	-20.7365669066648
2719.5	-8.24369750649385
2721.5	-7.33863990140162
2723.5	-9.78580400604278
2725.5	-4.29947967737917
2727.5	-4.33409241753543
2729.5	-5.16502065775421
2731.5	-3.46046137015765
2733.5	-6.31183443908503
2735.5	-4.50571707737527
2737.5	-2.53641574060202
2739.5	-9.11650752222886
2741.5	-2.92816707856582
2743.5	-5.75849331247537
2745.5	-2.89725593988715
2747.5	-0.111840989609846
2749.5	-5.83787932893483
2751.5	-7.76397469771655
2753.5	-8.73523801552074
2755.5	-3.38615799163563
2757.5	-11.7558609158859
2759.5	-8.96632708303514
2761.5	-4.97452235128549
2763.5	1.81371982658675
2765.5	6.29506852016857
2767.5	-4.7506159915738
2769.5	-4.10335194949312
2771.5	-4.56150035895462
2773.5	-6.81815932591417
2775.5	-15.8226704276376
2777.5	-7.47444462323256
2779.5	1.53987003587099
2781.5	-0.397864414659125
2783.5	-4.8491609757466
2785.5	-7.37948171673543
2787.5	-0.636976210112152
2789.5	-10.0481197770896
2791.5	-9.00453081499199
2793.5	-8.59897865870516
2795.5	0.0650397327917744
2797.5	-6.92839459713377
2799.5	-12.2546991258441
2801.5	-7.40303523305829
2803.5	-3.63029223474496
2805.5	1.57903936738967
2807.5	-6.97757006649681
2809.5	-3.07832656455412
2811.5	-10.826597682988
2813.5	-4.14065062246209
2815.5	1.10974054482904
2817.5	-14.4507730532523
2819.5	7.63476682437249
2821.5	-6.01303721126351
2823.5	-1.65287238361634
2825.5	-2.96547073344573
2827.5	-6.08466614682402
2829.5	-2.81111694990886
2831.5	2.34949610462445
2833.5	-2.67698869111427
2835.5	-7.55086263296471
2837.5	-14.2692234350734
2839.5	-2.30376634623917
2841.5	-12.9739350380833
2843.5	5.42379581325622
2845.5	-3.51273885478349
2847.5	-13.2603387488934
2849.5	-13.7798698240904
2851.5	-10.9357489612021
2853.5	-11.5158347903716
2855.5	-2.31914862690883
2857.5	-5.77715521908522
2859.5	-2.3005623467152
2861.5	0.250557934674362
2863.5	4.92491962765962
2865.5	0.467411952931798
2867.5	-11.9594412358174
2869.5	0.133702034881026
2871.5	-0.177085682616053
2873.5	-13.2126952655599
2875.5	-9.42456982307249
2877.5	-5.91835264475412
2879.5	-4.49320015192643
2881.5	-4.29961438604369
2883.5	-8.12067849165669
2885.5	-9.47894794848526
2887.5	-6.24843014183898
2889.5	-2.14057695482552
2891.5	-2.38021200373714
2893.5	-4.0872723909024
2895.5	-5.6799940574474
2897.5	-7.37015623693514
2899.5	-8.07862405640026
2901.5	-5.25933842420727
2903.5	-4.78303404044527
2905.5	-10.6777733992049
2907.5	-13.2637521036759
2909.5	-4.79362635500456
2911.5	-5.94257042490062
2913.5	-8.71772775029058
2915.5	-7.78668282930084
2917.5	-7.33761415357549
2919.5	4.36223569157482
2921.5	-7.79461781657483
2923.5	-0.0177887184381689
2925.5	-5.09101911495964
2927.5	-0.610268854023161
2929.5	-7.85674056810331
2931.5	6.30939938727442
2933.5	-9.85742075528196
2935.5	-4.7136140011371
2937.5	-9.31750564861341
2939.5	4.26331318979737
2941.5	-4.63990426920464
2943.5	1.63664228079233
2945.5	-9.86928959786201
2947.5	-9.04449450610718
2949.5	0.0777006564903786
2951.5	-15.0290108404297
2953.5	-0.930075143181966
2955.5	-7.66084979340576
2957.5	-6.37908068325487
2959.5	-0.744763970365966
2961.5	-2.836583184765
2963.5	-6.63157780884831
2965.5	-8.00093800036575
2967.5	6.87393948195131
2969.5	-2.5187406198711
2971.5	-9.52854325628323
2973.5	-7.26288975946409
2975.5	-11.4344218366414
2977.5	-12.6892997635186
2979.5	-2.48260734450378
2981.5	-6.28499433648813
2983.5	1.4604936622236
2985.5	-6.94134691629006
2987.5	-4.62924608441426
2989.5	-8.74374170586179
2991.5	2.49574001045494
2993.5	-4.69502087870478
2995.5	-7.85191116119677
2997.5	0.450517220478105
2999.5	1.15359096280008
3001.5	-10.9081255591582
3003.5	-2.40979715849153
3005.5	-3.51645258845747
3007.5	-10.389118656236
3009.5	-8.3827556664055
3011.5	-10.1183156461857
3013.5	-14.0504603209383
3015.5	-4.06601203655373
3017.5	-18.7002140349032
3019.5	-8.35437253769669
3021.5	-8.80904842121708
3023.5	-1.77696566230679
3025.5	0.431019020282292
3027.5	-7.07422206646515
3029.5	-0.20228104556827
3031.5	-7.08334096486215
3033.5	-2.51238934695175
3035.5	-1.50631206551225
3037.5	-16.5759450145079
3039.5	-8.1331599094392
3041.5	-4.77970038105468
3043.5	0.0611099038278553
3045.5	-2.04538799597503
3047.5	-3.42982358528843
3049.5	-1.13936492964058
3051.5	1.71172892905543
3053.5	-3.00598590787467
3055.5	-2.54696625963516
3057.5	-10.4587096881651
3059.5	-7.13238029930562
3061.5	-3.03791125096996
3063.5	-6.40354825422492
3065.5	-3.0141799054345
3067.5	-12.7486474088882
3069.5	-10.5850743819938
3071.5	1.13921502015364
3073.5	2.08872746370798
3075.5	-1.3980809374807
3077.5	-9.20947752833945
3079.5	-10.7359907756154
3081.5	4.06922312010647
3083.5	-9.1037945126136
3085.5	0.42265590952411
3087.5	-2.38636717151985
3089.5	-3.07431730283861
3091.5	-11.3584276195916
3093.5	-11.0401393787115
3095.5	-10.6162110240648
3097.5	-3.27128231848292
3099.5	-14.3459513206426
3101.5	-7.08485122945967
3103.5	-4.89619829245567
3105.5	-5.28896169616382
3107.5	1.26910429620057
3109.5	3.34360003128404
3111.5	-1.64294853187675
3113.5	3.92822213464751
3115.5	-2.69355951885609
3117.5	-1.52922525221311
3119.5	-10.1089881203588
3121.5	-7.94079012722887
3123.5	-5.36857680686535
3125.5	0.302163588267831
3127.5	-7.29458796004747
3129.5	-8.90335996246176
3131.5	3.8779388183757
3133.5	-0.568462320350591
3135.5	-7.32761691501855
3137.5	-11.2330971965566
3139.5	-3.46723512202152
3141.5	-1.4083361928615
3143.5	0.305999334523221
3145.5	2.85795455553398
3147.5	-3.06901910891065
3149.5	-11.6452221847812
3151.5	-0.674082332249782
3153.5	0.674985389437097
3155.5	-3.12543855176227
3157.5	-5.6983843942171
3159.5	-3.63660033599535
3161.5	-3.05925901477258
3163.5	-0.862264235171097
3165.5	1.17191142193951
3167.5	-8.86824270997749
3169.5	0.501435724769181
3171.5	-5.12262092580841
3173.5	-8.21322767165748
3175.5	-4.37008341537057
3177.5	-12.8030222099769
3179.5	-1.36717592100194
3181.5	-11.5038884761725
3183.5	-2.95953878705041
3185.5	-4.14619669455533
3187.5	-4.39063763272316
3189.5	-0.911335305550892
3191.5	-1.0424497752856
3193.5	-3.50315440923987
3195.5	-3.28000541122037
3197.5	-3.46529637401909
3199.5	-8.77338824795243
3201.5	0.504097970834664
3203.5	-12.2309262188364
3205.5	-7.08413247489443
3207.5	1.53264006089921
3209.5	-7.66120877378398
3211.5	-5.19541200761887
3213.5	-5.90599265504989
3215.5	-9.03870586411631
3217.5	-7.02849749946017
3219.5	-2.95790116042735
3221.5	4.60956127359168
3223.5	-6.60006855792562
3225.5	-10.2606842986779
3227.5	-3.15727157074707
3229.5	-5.33628540242353
3231.5	-10.2666023892252
3233.5	-0.477839516982385
3235.5	-2.8744767686203
3237.5	-12.789246699318
3239.5	-3.99025301700658
3241.5	-2.37513510986628
3243.5	5.14954008265886
3245.5	-7.48411881721859
3247.5	-3.51769041486659
3249.5	-10.5287585763563
3251.5	-12.2611685389347
3253.5	-7.33128668664358
3255.5	2.87875422556317
3257.5	-1.73044514510821
3259.5	-3.32277685168174
3261.5	1.30840202088621
3263.5	-7.83161876350641
3265.5	-3.73215040704599
3267.5	-13.0628521009949
3269.5	3.32253483856312
3271.5	-2.09318008855917
3273.5	-7.09475200318411
3275.5	-1.90113316470251
3277.5	-2.95494676151611
3279.5	-8.5455249290344
3281.5	-4.52977472667408
3283.5	-11.0125434335214
3285.5	-1.78875467045873
3287.5	-5.00623219024874
3289.5	-6.71487202378376
3291.5	-0.953752754550806
3293.5	2.36073959776331
3295.5	-4.46232633776253
3297.5	6.93828074521116
3299.5	9.76786747186088
3301.5	-1.41582119532177
3303.5	-3.28886368081658
3305.5	-10.7098851428027
3307.5	-1.25094626603368
3309.5	-5.66912072948071
3311.5	-5.6252301434306
3313.5	-7.39541851718695
3315.5	-4.69286908172489
3317.5	-7.13837600727402
3319.5	-2.76333346824595
3321.5	-12.2163142363606
3323.5	-0.201961035569184
3325.5	-5.87377038687191
3327.5	2.56742241529264
3329.5	1.97324567546639
3331.5	-6.26064674427653
3333.5	-8.08059108808629
3335.5	0.105625204040734
3337.5	-12.5019251735075
3339.5	-8.99983296251594
3341.5	-0.454147472262775
3343.5	-7.79729326656889
3345.5	-6.00666929755789
3347.5	-1.64718343827099
3349.5	-13.1895989669638
3351.5	0.808767768026883
3353.5	-12.0972612851647
3355.5	-8.736559661912
3357.5	-2.3156628644283
3359.5	-2.05164691110895
3361.5	-9.95183807790272
3363.5	0.0359979519944318
3365.5	-4.98144495399174
3367.5	-2.51208002303065
3369.5	-8.31650495920076
3371.5	-5.45942738880876
3373.5	1.75100023397681
3375.5	-4.64914949200465
3377.5	-7.07318970693268
3379.5	-3.93052978141623
3381.5	4.76977412810447
3383.5	-7.80373522451191
3385.5	1.21375589560739
3387.5	2.73848539096252
3389.5	-3.92759726598615
3391.5	-5.45070578424657
3393.5	-3.60064372337456
3395.5	-3.5991456084721
3397.5	-8.77754185659887
3399.5	-0.0353478173028634
3401.5	-3.60622695772781
3403.5	-1.78089499274211
3405.5	0.0721803097858356
3407.5	-12.3648763342189
3409.5	-6.96521038560968
3411.5	1.65298319179965
3413.5	-1.71712425603346
3415.5	-8.06840297059716
3417.5	1.60973186262072
3419.5	-8.26242156278022
3421.5	0.555337757588859
3423.5	-8.87906030487193
3425.5	-13.6565392722459
3427.5	0.809308004227205
3429.5	-2.34974678509479
3431.5	-4.78600150321927
3433.5	-14.3601785341107
3435.5	-12.0923827068427
3437.5	-4.64481845992395
3439.5	-5.33360432750214
3441.5	-12.2310919216943
3443.5	-4.48507173454436
3445.5	-10.9102232996484
3447.5	-0.52866753597209
3449.5	-10.1815926339605
3451.5	-5.77685168776043
3453.5	-3.50449706390827
3455.5	-9.26105413679306
3457.5	2.51955642325083
3459.5	-7.76315379596326
3461.5	-3.45151053461268
3463.5	-0.308407789248122
3465.5	-7.4291710439511
3467.5	-8.29064088617179
3469.5	-13.2196315973688
3471.5	-0.314417831512401
3473.5	-12.3362241077675
3475.5	-9.69696739219671
3477.5	-12.1481330684001
3479.5	1.71721513826287
3481.5	1.21621495426189
3483.5	-0.795756244104268
3485.5	-1.53054206970319
3487.5	-10.9942600811401
3489.5	-0.0606049385169172
3491.5	-11.1390413187009
3493.5	1.76952732849077
3495.5	-0.234626664489952
3497.5	0.341172633683527
3499.5	-3.09330613928705
3501.5	-13.817363854997
3503.5	-13.0615909630014
3505.5	-4.50129682081933
3507.5	-2.60617148377969
3509.5	-4.83425605472894
3511.5	-7.99721507068989
3513.5	-4.73943131435499
3515.5	-18.9159170413168
3517.5	-11.5900976638368
3519.5	-2.94987677739573
3521.5	-0.699489281299066
3523.5	-2.59808251453251
3525.5	-1.41994548160619
3527.5	-1.24798000592909
3529.5	2.30913060121293
3531.5	-13.5594478275534
3533.5	-10.5467937649792
3535.5	-1.18319646967029
3537.5	-4.91235620321822
3539.5	3.81463663192426
3541.5	-7.00065444136726
3543.5	0.876293573029216
3545.5	-10.3248506289538
3547.5	-2.71340892520311
3549.5	-6.5137771306554
3551.5	1.56302308831891
3553.5	-8.2830454504201
3555.5	-12.748270019345
3557.5	-6.73512450736962
3559.5	-6.90587283252262
3561.5	-8.03685904240228
3563.5	-0.553976943078851
3565.5	-11.0416754769549
3567.5	-13.0494450357201
3569.5	1.48152534894871
3571.5	-8.72406947724176
3573.5	-11.0944831633205
3575.5	-9.54230625201853
3577.5	-4.77576718486216
3579.5	-4.70689484737159
3581.5	-12.9080629359187
3583.5	-11.5418335209824
3585.5	0.754093679545804
3587.5	-9.97737172763027
3589.5	-9.89071115488514
3591.5	-3.72204635169055
3593.5	-1.30518914124968
3595.5	-12.2377786075858
3597.5	-8.79533605288452
3599.5	-0.349026068225612
3601.5	-7.10786281008859
3603.5	-0.275492565167951
3605.5	-8.25982853539517
3607.5	-11.499297411242
3609.5	-2.92708652303918
