1.5	-8.74152076206428
3.5	-4.96084100623648
5.5	-3.13307438782977
7.5	0.745947072183299
9.5	4.83863172393285
11.5	-4.75280066932282
13.5	-5.02044187426509
15.5	2.0536257922513
17.5	2.08721296661952
19.5	-0.797222388356204
21.5	5.45434903637943
23.5	-5.13612519627804
25.5	-6.12046946389273
27.5	-1.37389108958814
29.5	5.36741191207602
31.5	-4.1778274391545
33.5	0.84492588725152
35.5	-8.51608752654374
37.5	4.26374121910067
39.5	1.38233656858483
41.5	-0.0999364628250987
43.5	9.94861441130979
45.5	-6.20560803637818
47.5	-10.1967750175927
49.5	2.40609070583741
51.5	-9.91259142150466
53.5	7.20534962918282
55.5	-2.3817640347761
57.5	-5.33578986507291
59.5	-6.65425691769906
61.5	-1.40810102605883
63.5	-4.05180232583461
65.5	-2.98891687220657
67.5	-1.44079474252339
69.5	2.63317770083904
71.5	4.97322973290647
73.5	4.19908596940695
75.5	-9.21668854880136
77.5	1.74082557053771
79.5	1.51815584078486
81.5	0.951761002055719
83.5	-1.25111624779765
85.5	2.68964127065647
87.5	-0.343934793457265
89.5	6.6079711880102
91.5	-4.58557445093356
93.5	5.62807386528857
95.5	-4.78949278805339
97.5	9.38079593146813
99.5	-1.9963973773547
101.5	-1.10471775083715
103.5	3.81913418844942
105.5	-3.66940410883672
107.5	-4.54200691641927
109.5	-7.33569788759905
111.5	-0.889064709263039
113.5	-3.8616438220115
115.5	3.61095070292777
117.5	1.73899520845589
119.5	-4.8140693420255
121.5	0.745066273205339
123.5	7.21601443640247
125.5	1.08193297867274
127.5	-1.98057904690995
129.5	0.787478371983525
131.5	12.1974153988922
133.5	-1.85959381069824
135.5	-10.3266784334146
137.5	-0.63870183130075
139.5	4.22548285249741
141.5	-4.0410221422635
143.5	8.32156371029123
145.5	-7.24323735778398
147.5	-2.75053821090478
149.5	0.829863314900649
151.5	-6.82742632437657
153.5	-0.632844584178201
155.5	1.76064443413816
157.5	3.02420484258982
159.5	5.69308490477306
161.5	-0.660182572662961
163.5	0.908572351692783
165.5	-4.94633116710611
167.5	7.71839860512137
169.5	3.64209799584751
171.5	5.40841150833148
173.5	0.914313809254963
175.5	3.58980874348981
177.5	-5.04589923902313
179.5	2.34709829912936
181.5	2.17577941153013
183.5	3.24483964547017
185.5	-1.62043557718971
187.5	-1.23430289390581
189.5	-1.92298402982487
191.5	1.84687355602182
193.5	-4.31219604808575
195.5	-3.32595707873043
197.5	-12.4546845289551
199.5	3.16613144675739
201.5	5.48967703596827
203.5	-4.01842230397142
205.5	-9.30491685040488
207.5	4.20237252569495
209.5	-6.63712434628815
211.5	-0.379181560198049
213.5	1.61650936910155
215.5	0.379116997783058
217.5	-0.714095549866215
219.5	6.55319718435931
221.5	-2.07149914699585
223.5	-2.01630660743467
225.5	-0.157332591057639
227.5	6.44476654505979
229.5	-9.68608305059024
231.5	3.47490710118291
233.5	-4.8255113701689
235.5	3.79747574847806
237.5	1.00593029225911
239.5	4.3203866670201
241.5	1.76688597587236
243.5	2.57933285904437
245.5	0.724844477713305
247.5	0.663183339464922
249.5	2.45780513948375
251.5	2.5588380582758
253.5	7.88904366882252
255.5	10.8374405482255
257.5	6.00710694839017
259.5	1.32431627849292
261.5	-1.27648375433
263.5	-1.70957677864226
265.5	-3.96109715695002
267.5	9.55096655727721
269.5	-2.89475807383133
271.5	0.519104436359157
273.5	4.46803390133209
275.5	-10.1186394244596
277.5	6.05331143917647
279.5	0.48520020464457
281.5	10.3412525460317
283.5	-2.28797741268863
285.5	5.0358862455605
287.5	2.58259381611788
289.5	9.74680932034244
291.5	-1.85784477212746
293.5	-0.844420490914672
295.5	0.288300202845676
297.5	6.29094485383848
299.5	-4.2706844397926
301.5	-4.75394412060541
303.5	6.29173614052706
305.5	-1.0318407119139
307.5	-4.46921596299944
309.5	9.53576602109661
311.5	3.34292449962504
313.5	-3.22730788605895
315.5	-4.35937375673893
317.5	0.833191750832157
319.5	4.23635462870334
321.5	2.98642152821685
323.5	-1.99695556461575
325.5	5.66782048219557
327.5	-4.82164290016135
329.5	8.13373765653978
331.5	6.11152304192274
333.5	2.36374393394271
335.5	5.24966591117027
337.5	9.05714727581835
339.5	-2.58658489512436
341.5	-3.4093004827273
343.5	1.17855965073795
345.5	-4.21938199988017
347.5	2.92740105910798
349.5	15.5796923174103
351.5	2.49763435347268
353.5	3.56425425171437
355.5	-1.02279540180916
357.5	0.477846263001993
359.5	3.82428323481145
361.5	-1.58022715004154
363.5	5.68584974816167
365.5	1.69858579143784
367.5	0.346145666993834
369.5	3.55195954483861
371.5	-1.41924488751738
373.5	4.05989465530183
375.5	-1.90756053742643
377.5	-3.77084671958528
379.5	-0.47953204330679
381.5	4.70490806364705
383.5	7.10886517527069
385.5	4.33032932770402
387.5	4.43632126855937
389.5	-6.30703737244312
391.5	3.11328087003676
393.5	-6.04355413335998
395.5	1.33266395522696
397.5	9.01219760783624
399.5	1.5784178214617
401.5	8.34106120118304
403.5	-1.58451418299865
405.5	1.87954000275022
407.5	4.49650711903269
409.5	4.02958515994942
411.5	3.51020340065588
413.5	2.8221690177761
415.5	-3.57526665426849
417.5	0.0178634308904293
419.5	-0.883629588633084
421.5	3.14718815186552
423.5	2.54087393922146
425.5	0.295800412492099
427.5	2.20563596913871
429.5	2.77356858985695
431.5	-2.64972385037072
433.5	3.48665260523921
435.5	-1.26030395165253
437.5	5.55854928883036
439.5	9.784228005562
441.5	11.1626132313913
443.5	-14.481806494523
445.5	8.78096565104352
447.5	10.1772206621472
449.5	0.508878374949745
451.5	9.23381590773624
453.5	-2.32374248092765
455.5	-0.886065158396377
457.5	6.4561090758134
459.5	9.71413962677252
461.5	-3.11461166855042
463.5	4.81667960801951
465.5	-2.47683604470785
467.5	11.5936511335776
469.5	2.0033540572349
471.5	2.76098273594107
473.5	6.82764050836522
475.5	5.08994676246402
477.5	7.87146352764466
479.5	4.68065704966193
481.5	2.32378011208584
483.5	9.2330356680859
485.5	10.963961590187
487.5	6.71978395663609
489.5	1.60712842775592
491.5	7.9399576237256
493.5	0.522714918321071
495.5	-7.38189679382231
497.5	3.41301928546545
499.5	2.65680486890324
501.5	8.06396144332939
503.5	0.644941400065363
505.5	7.60371621950253
507.5	-6.42636514327296
509.5	3.02783257479496
511.5	2.94741329608769
513.5	2.99190761714726
515.5	13.2928517778237
517.5	3.36428378089931
519.5	-4.11742152369789
521.5	2.57897946924641
523.5	3.51970753770001
525.5	6.02859964889558
527.5	8.63962194984833
529.5	1.10530995185218
531.5	-3.2220067035887
533.5	2.98250548721899
535.5	3.06995042077779
537.5	-2.70243470853165
539.5	-0.11470612548419
541.5	8.10013534326754
543.5	12.9238022831669
545.5	0.822405216968946
547.5	10.7971975086512
549.5	8.12769443709658
551.5	-1.93207209502998
553.5	4.30124559235719
555.5	6.30265866271111
557.5	2.45495347906126
559.5	11.0728370419383
561.5	2.68728756813562
563.5	6.86951614010286
565.5	0.0130399413528721
567.5	7.8751146838149
569.5	2.46491742536909
571.5	3.98193515118965
573.5	4.7278358864387
575.5	8.06342813400261
577.5	3.47274915952039
579.5	8.06890022975767
581.5	-1.44966260708134
583.5	-1.01156641996477
585.5	12.0296784747607
587.5	3.47325173422541
589.5	-4.24180000968227
591.5	-3.70678594236051
593.5	12.7911217944293
595.5	7.28604758775964
597.5	5.03765811480389
599.5	-2.54409041037252
601.5	3.86317543748919
603.5	5.90838466834612
605.5	9.86133331645669
607.5	0.688509745685224
609.5	-2.08472049184002
611.5	5.06821789353489
613.5	7.13904097639261
615.5	0.395701051056676
617.5	7.40629977396384
619.5	4.06365487415951
621.5	-0.409962343945153
623.5	13.0569875104329
625.5	15.0960975401367
627.5	-3.43948053566237
629.5	1.82117919509983
631.5	-5.06981562452802
633.5	7.27450986088843
635.5	3.6868916921112
637.5	13.1638105354941
639.5	-1.68514320844861
641.5	5.10287739645719
643.5	-3.01603819648881
645.5	2.25213831155361
647.5	2.6689549290777
649.5	1.2074541628599
651.5	10.7839275755605
653.5	11.7043503690038
655.5	5.02833674267458
657.5	7.25267541554149
659.5	-1.84359164803664
661.5	10.1039699405928
663.5	18.4441627739616
665.5	4.84050320108599
667.5	3.74036792273728
669.5	-4.14016774199172
671.5	16.6736353769511
673.5	2.13464792538798
675.5	14.031421177363
677.5	3.86817806463387
679.5	5.6831733162926
681.5	-4.24017152033139
683.5	-2.31008845039014
685.5	3.73816675278704
687.5	1.94936223854529
689.5	10.1980656364185
691.5	2.95377497311438
693.5	2.96522598301272
695.5	5.63703838237234
697.5	4.94230809979581
699.5	-0.114945997010182
701.5	1.57625838133026
703.5	1.37274903039179
705.5	4.54314987775979
707.5	9.28161052283576
709.5	8.31907822985795
711.5	-7.54897037001228
713.5	5.74391346335051
715.5	7.50250718173902
717.5	2.41476143047748
719.5	2.8863439327597
721.5	9.59775485837326
723.5	-3.33623852963956
725.5	4.96037371598504
727.5	10.0914768657503
729.5	13.6865563059037
731.5	5.0099335431396
733.5	1.91683048027426
735.5	-2.26923357792748
737.5	-2.79790834812866
739.5	-1.41826032189965
741.5	7.86244722729316
743.5	0.648084640951311
745.5	4.06058455859329
747.5	1.30319325438631
749.5	7.51133148422377
751.5	14.2230505609687
753.5	8.99816359201395
755.5	7.50851464226434
757.5	6.38972788134288
759.5	8.86270588080697
761.5	1.2853461377299
763.5	8.14463386850366
765.5	2.13077297245491
767.5	6.84987065338282
769.5	14.264868855319
771.5	5.25706644046295
773.5	19.2573263201803
775.5	10.7708014957079
777.5	3.4293476552657
779.5	3.94727369799512
781.5	3.68999507476565
783.5	2.94068900001639
785.5	10.5002542195689
787.5	4.61529229065764
789.5	0.90832037590917
791.5	-6.090358394752
793.5	2.6343850518806
795.5	4.80236661958861
797.5	11.8897602586458
799.5	9.46151289201134
801.5	9.5504512692778
803.5	14.5437226834892
805.5	10.9386225607377
807.5	11.3731203836651
809.5	3.56254944646207
811.5	5.25720265722521
813.5	6.34856236143787
815.5	5.73748649086701
817.5	6.4880063364335
819.5	1.53536845703456
821.5	2.17393601505228
823.5	7.01169914244929
825.5	2.28507879357312
827.5	13.3670577914227
829.5	6.64064505229453
831.5	11.6780437455618
833.5	0.628776739486057
835.5	-3.25132585544088
837.5	3.24073352135929
839.5	3.38476877128596
841.5	1.79497971939418
843.5	0.961304343648408
845.5	2.52895275770425
847.5	6.61503922210704
849.5	11.0164756271261
851.5	11.5647952418749
853.5	15.3059224873077
855.5	2.9587617987745
857.5	3.22780331641297
859.5	12.3094521143885
861.5	-1.75779361052446
863.5	0.367434961019171
865.5	-2.35781671746099
867.5	13.1904032777275
869.5	13.3704636238563
871.5	14.9594278158747
873.5	-1.94630866969055
875.5	-5.03232304413541
877.5	0.627781696368402
879.5	8.82479649763809
881.5	10.613568374908
883.5	-0.804841060853505
885.5	9.40489362805511
887.5	-6.53783206686421
889.5	10.3201446904905
891.5	3.07380627700059
893.5	20.8003224356535
895.5	8.29604589637711
897.5	17.3046161953243
899.5	-1.82910701455421
901.5	5.33285761116895
903.5	1.01231094627747
905.5	7.06395302623241
907.5	7.36981920707149
909.5	14.5741808660814
911.5	0.165237650076961
913.5	9.06513359006749
915.5	4.92758487362426
917.5	0.10153363054178
919.5	8.00623087280565
921.5	10.9520697578164
923.5	9.15321820063127
925.5	11.0114934518015
927.5	1.46840962619899
929.5	10.3537704992377
931.5	10.5000066787361
933.5	3.35793249513972
935.5	4.00111414045477
937.5	15.6904102549515
939.5	5.1168089899711
941.5	2.76462169029946
943.5	3.85261130745312
945.5	2.74646488937833
947.5	9.79270898122104
949.5	11.4079460589237
951.5	3.72923839037503
953.5	9.48242098111041
955.5	4.44419597262004
957.5	14.3007263318732
959.5	6.36201344545407
961.5	7.05184784098856
963.5	9.60169108069749
965.5	9.23622656730095
967.5	12.4610958491721
969.5	11.2236341900762
971.5	0.873251446422728
973.5	11.0634304029663
975.5	15.2212618085796
977.5	7.16242677722767
979.5	12.3208641610054
981.5	-2.641063872431
983.5	4.52538357320373
985.5	4.05100995076555
987.5	3.39524740425986
989.5	9.00677127980998
991.5	8.74193278170787
993.5	8.3819295085159
995.5	13.9857243146607
997.5	11.9102425610427
999.5	8.52336665460734
1001.5	9.98260537759688
1003.5	9.06913428281314
1005.5	5.16796152670668
1007.5	2.9427209702144
1009.5	1.44496172395156
1011.5	8.80489164385381
1013.5	9.57014141105901
1015.5	5.8377242683373
1017.5	5.69762836738209
1019.5	6.7913383354462
1021.5	5.75596636323189
1023.5	7.49408318196947
1025.5	9.2642222204604
1027.5	0.64635892606384
1029.5	7.45864519950464
1031.5	20.8638432105454
1033.5	6.95630486752907
1035.5	8.23245612955634
1037.5	11.6090575153366
1039.5	9.30567367022195
1041.5	11.1078564694762
1043.5	22.1479468074476
1045.5	8.12397881709694
1047.5	1.44282753466723
1049.5	4.14990425679935
1051.5	11.192004358375
1053.5	5.36116908263739
1055.5	5.76215111853162
1057.5	7.67289959006757
1059.5	4.39644205296281
1061.5	11.1263455668395
1063.5	8.76669183323793
1065.5	13.7571331813624
1067.5	17.7467742309282
1069.5	1.77273066842463
1071.5	8.49958711472846
1073.5	6.78756046368198
1075.5	9.79003191815809
1077.5	14.2033173005157
1079.5	9.64246009455201
1081.5	5.19493249557127
1083.5	6.0234145414297
1085.5	16.2822839069986
1087.5	7.32176231720587
1089.5	1.05890471583552
1091.5	7.40152023649898
1093.5	11.4049046080108
1095.5	4.84308834117292
1097.5	9.48188557310277
1099.5	4.65417685460943
1101.5	6.96491663402139
1103.5	-0.0431778580314131
1105.5	4.37498198077719
1107.5	16.5605261602605
1109.5	6.23436242498519
1111.5	1.94729769546848
1113.5	8.55741244064666
1115.5	10.9806938230795
1117.5	20.7731514336983
1119.5	8.67539409438359
1121.5	0.440175675958017
1123.5	3.31349421884352
1125.5	11.6536368133548
1127.5	4.98798308457845
1129.5	11.9279748646431
1131.5	3.23765483428087
1133.5	8.14665789351602
1135.5	22.0821354961663
1137.5	2.71237993296199
1139.5	8.51529249483428
1141.5	12.3936518307464
1143.5	9.45051923082065
1145.5	20.0356911113613
1147.5	7.30854313963573
1149.5	5.79192576690912
1151.5	10.1664862800035
1153.5	15.0509629696016
1155.5	10.6766619720274
1157.5	12.0726500742003
1159.5	10.5885069511041
1161.5	12.7876969619838
1163.5	10.1774813995635
1165.5	7.8351196318381
1167.5	2.76836548289702
1169.5	-0.00513314777163032
1171.5	-0.6408190609136
1173.5	12.031874391655
1175.5	6.27340067995283
1177.5	4.62108872061526
1179.5	15.4199876763241
1181.5	10.8024975107319
1183.5	8.43151019353081
1185.5	7.7149438678789
1187.5	13.322154674066
1189.5	5.45389818151762
1191.5	9.64336867418024
1193.5	5.19801384251787
1195.5	12.5350471736938
1197.5	8.94070071032002
1199.5	5.56136045579296
1201.5	4.58764340329617
1203.5	11.6514932244154
1205.5	11.8592798153504
1207.5	8.52175611996154
1209.5	12.7265463765198
1211.5	9.9415998346667
1213.5	0.513614048481031
1215.5	10.1533683997332
1217.5	11.555583900993
1219.5	8.64140548401974
1221.5	5.52784829324901
1223.5	11.3598471352852
1225.5	1.44697530712165
1227.5	14.990570412564
1229.5	0.810166891776134
1231.5	23.3088718598656
1233.5	10.7158596259051
1235.5	9.64658088015403
1237.5	12.7503828027848
1239.5	7.9698386467835
1241.5	14.4172559748495
1243.5	16.8446162176706
1245.5	13.0448009440079
1247.5	11.1115449995586
1249.5	2.97619111439963
1251.5	4.1722536123907
1253.5	18.5251782770083
1255.5	0.463426230719961
1257.5	1.03424986342088
1259.5	15.544317408704
1261.5	24.0981154142346
1263.5	16.4462225392263
1265.5	21.756773190923
1267.5	13.598666868339
1269.5	7.33413744058998
1271.5	8.11216570637862
1273.5	7.73693085954346
1275.5	13.3899161312174
1277.5	6.54585628481254
1279.5	3.99355449979794
1281.5	5.58082679968629
1283.5	23.1812413292764
1285.5	10.1995284453205
1287.5	16.5880122573881
1289.5	15.8199680258522
1291.5	7.93702174113514
1293.5	15.823927890704
1295.5	15.4467642867839
1297.5	8.213957823501
1299.5	12.4706669003135
1301.5	4.87967187812319
1303.5	11.4790938173255
1305.5	20.9831408198206
1307.5	7.88539241612125
1309.5	13.0674720474553
1311.5	8.86266452606014
1313.5	14.6716097097678
1315.5	13.7277191146859
1317.5	-1.07211372095389
1319.5	14.982448738283
1321.5	7.51374220811613
1323.5	10.3415251048837
1325.5	7.49726768547953
1327.5	3.57283257837025
1329.5	14.3938939958098
1331.5	12.2000342893307
1333.5	8.11955411505369
1335.5	3.6417596835463
1337.5	8.04624144523859
1339.5	9.97904418248982
1341.5	14.0815900956559
1343.5	12.3135791370296
1345.5	11.7758450178881
1347.5	12.8610869123304
1349.5	11.8947196382851
1351.5	18.3844635781425
1353.5	12.1267663872859
1355.5	23.1082909927327
1357.5	10.7077248671449
1359.5	18.4710420124229
1361.5	12.5268019538698
1363.5	11.1868878736796
1365.5	11.9189094876465
1367.5	6.31455598094726
1369.5	6.82902627392195
1371.5	-0.908617525659793
1373.5	10.8292316620118
1375.5	9.27361302610825
1377.5	16.6793958758499
1379.5	9.0339966499123
1381.5	7.33013382349327
1383.5	14.2209761548238
1385.5	4.41079425360294
1387.5	10.6691833600744
1389.5	12.4087495116219
1391.5	15.1776293671173
1393.5	9.84185970405451
1395.5	21.2497647818236
1397.5	8.37672862259114
1399.5	14.4780583821121
1401.5	3.20633795107187
1403.5	15.3530838098241
1405.5	19.2828161816078
1407.5	14.0440745842825
1409.5	14.889091776784
1411.5	8.87295334315604
1413.5	17.497890599805
1415.5	18.1869038694276
1417.5	16.2279836131147
1419.5	5.75712980538628
1421.5	12.5566191787957
1423.5	2.91746299433544
1425.5	11.7964101428925
1427.5	12.2088088756864
1429.5	16.0294724978512
1431.5	5.35087172417479
1433.5	9.68707063875354
1435.5	8.0572095388834
1437.5	9.76392613445569
1439.5	14.7344597404945
1441.5	16.8697891637948
1443.5	6.8690659973845
1445.5	13.9102567016644
1447.5	12.490243991514
1449.5	4.91327048954736
1451.5	15.6386104350613
1453.5	11.8584093633362
1455.5	8.98228468528941
1457.5	8.12254539263995
1459.5	8.13683230358583
1461.5	16.6698282296884
1463.5	11.6097645272903
1465.5	16.9102524046357
1467.5	13.6874278448367
1469.5	9.67574740716282
1471.5	13.1398292803406
1473.5	4.1950248002513
1475.5	-1.67688720029309
1477.5	8.2536565915525
1479.5	18.3871016418852
1481.5	12.3380145436849
1483.5	12.1698202571088
1485.5	10.0895964946658
1487.5	2.60391026429988
1489.5	4.43822289040418
1491.5	13.2681017901796
1493.5	4.00321641355004
1495.5	20.1803139370595
1497.5	5.94331889575733
1499.5	3.81492841209547
1501.5	8.06593473992598
1503.5	13.4651104426912
1505.5	9.73540039856198
1507.5	6.73928513351348
1509.5	14.4896220493056
1511.5	23.8517516466254
1513.5	16.7876660027359
1515.5	18.1053623340767
1517.5	19.3676557812405
1519.5	23.5374607066133
1521.5	8.63422192687267
1523.5	14.0911700428815
1525.5	16.2104938012808
1527.5	6.70926989639611
1529.5	7.51425686873336
1531.5	12.6059587150839
1533.5	14.4052395746876
1535.5	6.70893797632016
1537.5	6.34892210889575
1539.5	2.79530739039819
1541.5	15.3083944287418
1543.5	7.32431065776836
1545.5	18.305080810469
1547.5	9.07303557102114
1549.5	7.65753887987375
1551.5	13.3185968833313
1553.5	17.2645179918236
1555.5	11.6150033443791
1557.5	14.3262754196676
1559.5	14.8677206722505
1561.5	18.84575309501
1563.5	12.626772126353
1565.5	7.45045870587364
1567.5	5.08109833052276
1569.5	26.1460632894987
1571.5	7.91071009012558
1573.5	8.15685858260986
1575.5	7.21946671841943
1577.5	8.35607574538153
1579.5	20.575246530495
1581.5	18.0822122267436
1583.5	13.5888854329305
1585.5	-3.16435720189656
1587.5	8.50083780675595
1589.5	16.788088111146
1591.5	11.5021563138844
1593.5	12.0690590096447
1595.5	19.719062476931
1597.5	13.4267207132334
1599.5	6.36790855562595
1601.5	18.5587600017852
1603.5	3.23106395537161
1605.5	18.1014480104568
1607.5	16.633733453813
1609.5	9.19021600441101
1611.5	11.369418170706
1613.5	7.6040127376682
1615.5	8.74871559013718
1617.5	13.8703014623788
1619.5	11.6647649554798
1621.5	22.5749126616829
1623.5	16.9331051232484
1625.5	22.0796161400331
1627.5	6.4417910190632
1629.5	15.3682755471573
1631.5	13.9501218876094
1633.5	15.5494189879419
1635.5	18.7746321602071
1637.5	16.3229060553249
1639.5	14.1313913649064
1641.5	20.5240601375681
1643.5	3.46158380375709
1645.5	13.7231158479344
1647.5	22.1114587850279
1649.5	10.6835494528896
1651.5	10.6736915956317
1653.5	8.66344489659514
1655.5	6.61370351798905
1657.5	11.9436666068741
1659.5	12.6790456497974
1661.5	13.6513584224222
1663.5	10.5772467683619
1665.5	11.6294537933081
1667.5	20.4678762367303
1669.5	8.29941176840111
1671.5	10.9871699242367
1673.5	21.4320158968467
1675.5	16.3213892992708
1677.5	10.3362359618141
1679.5	12.5014817615038
1681.5	6.41898409478927
1683.5	13.1926385848537
1685.5	10.9394692528158
1687.5	13.930713582944
1689.5	17.2787086897206
1691.5	10.2581366457525
1693.5	21.7149022254034
1695.5	14.2048741594181
1697.5	11.8198022024299
1699.5	15.7196499741494
1701.5	12.6855223125285
1703.5	10.6640176492301
1705.5	8.4226082308478
1707.5	14.0338392128124
1709.5	5.9190873027128
1711.5	18.840576708837
1713.5	11.5563972134232
1715.5	14.986031264054
1717.5	12.1302494118036
1719.5	11.2648544957638
1721.5	15.9610702127311
1723.5	19.8104570290907
1725.5	17.2245320649563
1727.5	21.687856385638
1729.5	13.9612898442274
1731.5	16.6228423005477
1733.5	11.4610928245102
1735.5	10.908370318326
1737.5	3.87706793440248
1739.5	28.2754033121655
1741.5	18.4916867961283
1743.5	17.8027091843551
1745.5	15.2333377323357
1747.5	13.7842484059056
1749.5	16.984179885415
1751.5	18.2161569231321
1753.5	21.5501406251688
1755.5	17.7455906849054
1757.5	17.9802753641234
1759.5	17.9760168131616
1761.5	11.2648522459249
1763.5	19.7599102322229
1765.5	23.238820151244
1767.5	12.3321062798232
1769.5	9.3049333724166
1771.5	17.6497862549504
1773.5	11.6236372415451
1775.5	12.2539705737399
1777.5	10.1716697491329
1779.5	11.5626081348464
1781.5	12.2243361538522
1783.5	19.9118914215214
1785.5	16.8066671256011
1787.5	12.1903246989286
1789.5	16.7148174612275
1791.5	14.9429001094595
1793.5	15.8557393593146
1795.5	14.726673070978
1797.5	20.9881413911671
1799.5	13.384703489528
1801.5	16.7223363999083
1803.5	14.1838589006747
1805.5	12.2751187827389
1807.5	11.7328269708523
1809.5	21.1819171704265
1811.5	8.85899913832782
1813.5	5.13988613428501
1815.5	18.4196430994571
1817.5	13.9449632424212
1819.5	16.4863803254493
1821.5	17.9083213309641
1823.5	13.4069558980436
1825.5	13.1213512817449
1827.5	12.3815460563455
1829.5	23.5774023907315
1831.5	17.0849009100029
1833.5	15.9698910300067
1835.5	20.0992198354134
1837.5	16.529026500215
1839.5	8.95869663977373
1841.5	20.3407470112361
1843.5	17.9862942616983
1845.5	15.6333077688678
1847.5	12.6677141017626
1849.5	20.4738250914052
1851.5	12.6564155689093
1853.5	11.6756390462606
1855.5	8.90384179834109
1857.5	13.512387355061
1859.5	10.7921932206991
1861.5	20.7606366697264
1863.5	19.2975011284389
1865.5	16.9132482176456
1867.5	11.3540767827599
1869.5	15.1532519859429
1871.5	13.7436042865793
1873.5	18.0915471635008
1875.5	19.7210821491226
1877.5	6.82951675702679
1879.5	11.688087268416
1881.5	9.73422557698996
1883.5	18.9366391968879
1885.5	19.7441008980086
1887.5	16.3725768745044
1889.5	13.4296277008261
1891.5	11.4157926284815
1893.5	9.79233385084444
1895.5	14.745739830204
1897.5	13.9333513643132
1899.5	6.3892574131587
1901.5	20.072457138649
1903.5	11.715427897565
1905.5	11.6785408154201
1907.5	9.69223999581573
1909.5	16.7252038115557
1911.5	11.2139216261403
1913.5	10.5033359763493
1915.5	17.6960305780303
1917.5	16.7270507758285
1919.5	19.8932662553134
1921.5	6.53399892774723
1923.5	6.95496810195618
1925.5	18.3581718754313
1927.5	18.4596209527208
1929.5	17.5379134055229
1931.5	13.1675706514507
1933.5	16.7544160671459
1935.5	17.2629994372619
1937.5	8.96297864578901
1939.5	13.6731251767114
1941.5	11.2392627104264
1943.5	19.0804308403831
1945.5	11.9028351479583
1947.5	16.064836206283
1949.5	16.7126973328059
1951.5	11.9578823168085
1953.5	15.590597422417
1955.5	23.2008064543616
1957.5	19.0182343438119
1959.5	16.4559817696854
1961.5	5.22430814830386
1963.5	12.4693755140088
1965.5	15.4235594543934
1967.5	18.4327488115296
1969.5	8.83390445981058
1971.5	14.0744372967956
1973.5	16.9811036744077
1975.5	20.0111126102729
1977.5	20.3325450694529
1979.5	17.0813123942944
1981.5	11.7414046490567
1983.5	14.0027933791416
1985.5	13.9731423799476
1987.5	17.7627282285748
1989.5	17.2545817747869
1991.5	9.0237288715598
1993.5	18.0317230730752
1995.5	12.9927943758039
1997.5	13.8757893543152
1999.5	20.3276183206272
2001.5	20.0804400549214
2003.5	22.3490815829509
2005.5	17.8824631310563
2007.5	11.3712311615345
2009.5	18.5806045227155
2011.5	12.045648758708
2013.5	17.4315048269773
2015.5	13.8985959264655
2017.5	15.6408490931817
2019.5	11.1485213380893
2021.5	14.9473348850452
2023.5	21.4194539749087
2025.5	15.9335859212924
2027.5	13.1010727123885
2029.5	12.7355837085552
2031.5	16.9395773865635
2033.5	28.5218448341948
2035.5	15.4128620340325
2037.5	18.8627157875353
2039.5	18.9926215836449
2041.5	12.9725612103948
2043.5	16.4972193577314
2045.5	10.7706882987468
2047.5	19.3488496995042
2049.5	26.6880019536284
2051.5	12.3096862553857
2053.5	16.8585765559756
2055.5	6.68120032291426
2057.5	18.2290061483218
2059.5	11.1689731064362
2061.5	18.0785155885087
2063.5	16.9433187315508
2065.5	10.8986734133487
2067.5	15.8258867295199
2069.5	16.3930091872753
2071.5	13.3331132372168
2073.5	8.79423439806487
2075.5	23.1542018288173
2077.5	11.9756152810305
2079.5	8.20296118141141
2081.5	2.83170392764623
2083.5	13.9801625383279
2085.5	15.782293446071
2087.5	8.58000649678161
2089.5	25.6117697759628
2091.5	10.9817823671801
2093.5	17.8104723779188
2095.5	18.0731118523236
2097.5	15.4232209896945
2099.5	23.9098118247502
2101.5	9.13889325323362
2103.5	20.9844394808342
2105.5	20.0481208245219
2107.5	9.21554320754603
2109.5	16.3394450650821
2111.5	15.0742015589394
2113.5	5.30302833299629
2115.5	21.2250514328416
2117.5	14.456906561506
2119.5	28.1960150807981
2121.5	20.996220801776
2123.5	3.25896606428159
2125.5	17.4950556458889
2127.5	10.8108053360102
2129.5	12.3381890165056
2131.5	13.8043819334653
2133.5	22.8782760451213
2135.5	18.3332729006061
2137.5	13.1404549898598
2139.5	17.0951209931482
2141.5	19.6712655715692
2143.5	14.7271742835856
2145.5	13.0929951722219
2147.5	12.4566646517042
2149.5	18.7207267819558
2151.5	12.6558261888204
2153.5	18.3216037809625
2155.5	6.58642627329937
2157.5	20.0402074509611
2159.5	13.3688825547069
2161.5	15.2062836245923
2163.5	17.9143079792311
2165.5	15.720546085935
2167.5	15.3876835503797
2169.5	10.2906581783673
2171.5	18.3255869925806
2173.5	20.4206045097917
2175.5	21.5640835964059
2177.5	17.5065674655452
2179.5	14.0977153570002
2181.5	17.0970346372005
2183.5	20.366669484898
2185.5	10.5898277796623
2187.5	21.3548074144392
2189.5	25.0055352660756
2191.5	18.1978813702108
2193.5	5.61494273453809
2195.5	16.5853717657983
2197.5	17.000680748537
2199.5	18.1294409949878
2201.5	16.5382077030381
2203.5	18.0845749320551
2205.5	18.5589849353337
2207.5	15.8568304768742
2209.5	16.5467205363302
2211.5	22.4994273002258
2213.5	17.7068381023237
2215.5	24.6153650904562
2217.5	26.5867890239815
2219.5	13.1610375921309
2221.5	17.7300627712857
2223.5	14.2691223274369
2225.5	15.596335678355
2227.5	8.27271074727014
2229.5	19.9970355933438
2231.5	20.2012050266312
2233.5	10.1099447461856
2235.5	15.662174422182
2237.5	21.8247922834862
2239.5	20.6725644135504
2241.5	24.7962269551899
2243.5	12.8427080037582
2245.5	23.4599228453717
2247.5	13.6530945118293
2249.5	18.2114232700515
2251.5	11.4862277219872
2253.5	10.6913590336808
2255.5	24.1868626570467
2257.5	16.3821452278034
2259.5	14.4525015779873
2261.5	6.70121762459894
2263.5	24.6157296880683
2265.5	24.5652564084085
2267.5	17.8970176548119
2269.5	17.9919383977158
2271.5	24.9463546355737
2273.5	17.3695283055213
2275.5	18.9270904175519
2277.5	19.0389292322379
2279.5	7.89096923508532
2281.5	13.951994824557
2283.5	24.6460732887654
2285.5	11.969751335293
2287.5	21.6229789133286
2289.5	10.4205092303391
2291.5	21.6155332834296
2293.5	14.3073770880892
2295.5	10.098952960986
2297.5	17.8290326916303
2299.5	18.804255283515
2301.5	11.3449166659802
2303.5	24.8448084052015
2305.5	25.6117240751273
2307.5	15.6877295076765
2309.5	17.5505795890649
2311.5	25.4386370039456
2313.5	14.7097802608314
2315.5	14.1123599630673
2317.5	14.3580386915355
2319.5	23.2329143518955
2321.5	15.8608887401115
2323.5	26.059224663547
2325.5	25.5263296759022
2327.5	24.1197982388612
2329.5	21.190161538434
2331.5	16.1629232512232
2333.5	12.7899675466542
2335.5	16.0751373252288
2337.5	12.2591105124884
2339.5	17.6680662255194
2341.5	10.5787383174247
2343.5	19.4322686830901
2345.5	18.3183666479044
2347.5	18.9698859966311
2349.5	23.7636066047589
2351.5	14.4045628006943
2353.5	19.1531861492958
2355.5	25.9665675848364
2357.5	17.6678104704079
2359.5	21.1679120002946
2361.5	20.1470112376237
2363.5	11.6118246209226
2365.5	14.882276611751
2367.5	17.215939402724
2369.5	23.1710822116393
2371.5	17.3361033701713
2373.5	21.7059633747758
2375.5	8.97011341853249
2377.5	12.6902501045679
2379.5	12.7270876427783
2381.5	22.2801687840692
2383.5	11.6151123961909
2385.5	17.1212340695711
2387.5	12.898740589314
2389.5	20.28344145543
2391.5	23.7214227919249
2393.5	17.8405457859062
2395.5	15.9682291137206
2397.5	26.477903275254
2399.5	11.875357014711
2401.5	11.5983878250572
2403.5	20.60490647594
2405.5	17.2393260122299
2407.5	16.1413528868998
2409.5	15.0411591851407
2411.5	15.928302091068
2413.5	14.8631878267643
2415.5	18.8741051143979
2417.5	12.9089811072226
2419.5	22.9894196590149
2421.5	14.4466352927921
2423.5	14.3810416249125
2425.5	13.1785931970207
2427.5	13.702635709461
2429.5	18.4145777856229
2431.5	21.7354376315889
2433.5	18.1038759826261
2435.5	10.1176633176938
2437.5	24.2192253374606
2439.5	16.6970936826647
2441.5	23.1954112683516
2443.5	19.4804209664708
2445.5	18.7930082909597
2447.5	19.7627117142056
2449.5	14.7558800584393
2451.5	15.3308950004593
2453.5	16.8895772803762
2455.5	17.7061009288855
2457.5	17.3213865054013
2459.5	23.9966209703707
2461.5	24.7684949394124
2463.5	22.6541097584586
2465.5	30.1624622233612
2467.5	18.1975592352928
2469.5	29.6737344405965
2471.5	26.346700511479
2473.5	18.8676659338234
2475.5	25.0602537952
2477.5	17.5853155348577
2479.5	23.2558043161971
2481.5	15.9114144414234
2483.5	31.2606049758488
2485.5	26.3679475509362
2487.5	20.3095005770456
2489.5	19.991467552496
2491.5	10.3271753045374
2493.5	23.1309250702689
2495.5	25.9195855368716
2497.5	15.6085118773144
2499.5	17.4953134722955
2501.5	8.26664083910146
2503.5	25.5791848051513
2505.5	13.6853562182614
2507.5	20.9207926329354
2509.5	10.644728688515
2511.5	15.8931670763059
2513.5	25.2314827382606
2515.5	15.2494223961476
2517.5	18.4860092665285
2519.5	20.950181951267
2521.5	15.8346409588466
2523.5	20.2301587119437
2525.5	21.4418214931475
2527.5	17.7956097653223
2529.5	15.9689260790374
2531.5	16.9348946365044
2533.5	24.1393381602966
2535.5	15.3511680649981
2537.5	19.5978192290568
2539.5	15.2763020955499
2541.5	15.294657058007
2543.5	27.2396939731443
2545.5	21.4074219516851
2547.5	26.4998380152565
2549.5	24.2314107306365
2551.5	13.1027189554879
2553.5	18.1725080653505
2555.5	19.5840790145321
2557.5	17.9085119534602
2559.5	21.1235934099768
2561.5	19.7319227609732
2563.5	26.5094290153447
2565.5	15.4020780930723
2567.5	27.357845141004
2569.5	19.120137156403
2571.5	25.7835598510883
2573.5	12.8824414405599
2575.5	20.3021200663588
2577.5	25.9729578281631
2579.5	21.4221821019855
2581.5	15.5348306798905
2583.5	25.8573423945427
2585.5	18.9955003156256
2587.5	13.65096599351
2589.5	23.0673405668849
2591.5	27.7411262395526
2593.5	26.9286126843954
2595.5	29.502800343841
2597.5	16.6397638061499
2599.5	11.3451815058825
2601.5	18.7885774646602
2603.5	22.8438445670436
2605.5	16.7204004185478
2607.5	22.9915395263342
2609.5	25.4745625864525
2611.5	13.3652598005465
2613.5	30.6138443657537
2615.5	28.111089788581
2617.5	14.634231761258
2619.5	17.6799570434714
2621.5	23.3741193032974
2623.5	18.2064567323268
2625.5	23.9227684933421
2627.5	12.37737618553
2629.5	30.6652448592076
2631.5	31.6743394181531
2633.5	14.6206748761424
2635.5	16.3270972598211
2637.5	14.3668789505
2639.5	33.0131769146492
2641.5	18.9937552248457
2643.5	15.04758127886
2645.5	25.0594240377895
2647.5	19.2467229956528
2649.5	24.7538887376686
2651.5	17.5045715627839
2653.5	27.5669489466482
2655.5	29.6639256536764
2657.5	20.2512496819654
2659.5	25.2089576295421
2661.5	24.97557044921
2663.5	18.7775764755916
2665.5	32.5224405847221
2667.5	30.9585945410145
2669.5	23.2863325941598
2671.5	13.621423251192
2673.5	20.821396908912
2675.5	22.6717396518534
2677.5	19.3593360834839
2679.5	18.5491553053334
2681.5	19.5035113421782
2683.5	26.277093093785
2685.5	20.082380165346
2687.5	30.7575764499725
2689.5	15.5574761996277
2691.5	25.5492403611652
2693.5	10.9751163275723
2695.5	11.8688894151819
2697.5	19.8071504819518
2699.5	24.4432493274089
2701.5	21.1273576762487
2703.5	18.710560615662
2705.5	19.8023769535112
2707.5	18.3951029042983
2709.5	20.5436221289519
2711.5	16.9462811031799
2713.5	20.6704308431108
2715.5	21.7480985983657
2717.5	17.4012224694561
2719.5	28.2467642816118
2721.5	15.2506254376012
2723.5	25.1840569770329
2725.5	12.059895114754
2727.5	17.7291405289334
2729.5	11.8627653600715
2731.5	17.3479021609601
2733.5	14.009483714075
2735.5	25.9767959546471
2737.5	30.2768503988837
2739.5	27.2079065037451
2741.5	19.4735488321949
2743.5	16.4825997791768
2745.5	18.7806523107583
2747.5	27.5686327429376
2749.5	26.173792569346
2751.5	22.7233291000321
2753.5	20.877989935304
2755.5	26.2701566515216
2757.5	22.7716810624452
2759.5	28.8266124105949
2761.5	26.7870602875864
2763.5	19.7501227438843
2765.5	20.2096053632749
2767.5	27.39307319809
2769.5	17.9682272332029
2771.5	13.5109786533376
2773.5	20.6503186377258
2775.5	24.5724612264785
2777.5	23.1549393449559
2779.5	18.3320391912466
2781.5	26.2688714851784
2783.5	20.472400464776
2785.5	25.0830090245126
2787.5	25.1978560033631
2789.5	32.9660715894861
2791.5	18.1233955772195
2793.5	25.1518815298923
2795.5	22.0205483601912
2797.5	23.224356627039
2799.5	12.6523182799447
2801.5	27.570112476099
2803.5	22.471080205567
2805.5	29.5837167516775
2807.5	27.5626758336948
2809.5	24.3977696839875
2811.5	13.1766673575894
2813.5	20.8040350114934
2815.5	15.0409223631359
2817.5	22.6227689212146
2819.5	23.7898170986664
2821.5	28.0241239027146
2823.5	21.5630821375617
2825.5	13.170760317591
2827.5	28.1805388624125
2829.5	23.5037269890081
2831.5	14.7290516713347
2833.5	24.0980263797492
2835.5	26.3425738438882
2837.5	19.2226059298509
2839.5	10.5344988191782
2841.5	22.5741257203244
2843.5	27.4808820404096
2845.5	22.373241355629
2847.5	21.1693136906624
2849.5	26.3986720732109
2851.5	21.6406470556512
2853.5	22.099840567349
2855.5	23.5576597181844
2857.5	20.7540441122246
2859.5	25.2287679757892
2861.5	22.5120811395709
2863.5	23.9892768425043
2865.5	20.4791008640987
2867.5	17.6609500209979
2869.5	17.1624943495899
2871.5	21.8660449341678
2873.5	17.7123840883833
2875.5	26.5271097958666
2877.5	16.6047077138574
2879.5	20.4143759108611
2881.5	16.8967792932272
2883.5	18.9406128107939
2885.5	12.9654181902397
2887.5	25.1393994462924
2889.5	26.1988832995885
2891.5	18.6065405031113
2893.5	27.2573962234746
2895.5	25.7305938936761
2897.5	21.3267873370432
2899.5	24.4324114222964
2901.5	15.40931480373
2903.5	29.2144035978063
2905.5	28.628103958953
2907.5	19.9028392703158
2909.5	30.7454675187846
2911.5	18.0878541088459
2913.5	23.679213247965
2915.5	25.8285656291446
2917.5	18.7531944568382
2919.5	18.7399856455158
2921.5	27.1027208497499
2923.5	17.2479792210306
2925.5	12.5591605555082
2927.5	23.8370824675685
2929.5	26.0701401943115
2931.5	23.9846111696543
2933.5	20.6683104071744
2935.5	28.0130877453121
2937.5	33.7245496972346
2939.5	26.6423212671252
2941.5	12.475518266886
2943.5	26.7106398015585
2945.5	18.689278900214
2947.5	21.3423261706839
2949.5	25.2235507322821
2951.5	24.4909485229864
2953.5	27.3403670149173
2955.5	15.1793082826807
2957.5	20.3671079042897
2959.5	25.9037342402562
2961.5	29.9368557944772
2963.5	24.0906442804708
2965.5	21.5163385424448
2967.5	31.4899557436756
2969.5	20.4686195734157
2971.5	18.1563069177591
2973.5	28.1966878150433
2975.5	35.1506055406189
2977.5	32.9844345874271
2979.5	17.1741136932433
2981.5	26.5000942050556
2983.5	18.5589253383405
2985.5	30.7159580546941
2987.5	20.485957961082
2989.5	24.2864728301774
2991.5	22.8634583262037
2993.5	24.5904251987931
2995.5	26.2366147510111
2997.5	25.217686823009
2999.5	19.4676512097767
3001.5	17.1258066733863
3003.5	22.3113585821866
3005.5	22.1495631537227
3007.5	19.4016051987237
3009.5	14.4937662877792
3011.5	25.9291436477242
3013.5	17.710554808863
3015.5	19.3330405029874
3017.5	19.9314712912119
3019.5	27.1876413033497
3021.5	8.94013527915013
3023.5	23.097762658278
3025.5	31.5675037264582
3027.5	23.6081943531353
3029.5	21.6910183119135
3031.5	32.801977594002
3033.5	21.6139851765392
3035.5	23.1964185641436
3037.5	30.3490928297251
3039.5	27.955324494179
3041.5	21.9174574875933
3043.5	25.5854087940525
3045.5	31.2457815625412
3047.5	20.8528712319039
3049.5	23.3835483250141
3051.5	20.762857852058
3053.5	15.3806775958537
3055.5	27.1574660376082
3057.5	23.0983370227395
3059.5	31.9518221339595
3061.5	24.3574450788201
3063.5	30.2007483736616
3065.5	16.799915040423
3067.5	22.9851583546952
3069.5	29.8000164683053
3071.5	18.177081515274
3073.5	29.8243931518664
3075.5	21.1721819861859
3077.5	17.015770052958
3079.5	24.6019228020259
3081.5	15.73181814898
3083.5	24.9833579786418
3085.5	18.0700767093895
3087.5	23.6052004028325
3089.5	20.3998606106597
3091.5	31.1353217986134
3093.5	25.7290622162536
3095.5	25.6191908136952
3097.5	18.8964799417163
3099.5	21.4116168941091
3101.5	22.9040976134329
3103.5	16.6529089278474
3105.5	20.8814849129667
3107.5	21.1230716069376
3109.5	24.8334934269533
3111.5	27.4232416914447
3113.5	23.2073414152164
3115.5	27.0633674286082
3117.5	25.3254601154304
3119.5	23.04598315167
3121.5	24.9827322015099
3123.5	26.0363618738693
3125.5	32.6971740791141
3127.5	25.3920960033911
3129.5	20.8501614587431
3131.5	17.8022084758049
3133.5	22.6457112025437
3135.5	25.1540542594266
3137.5	24.1799886990993
3139.5	29.135489454402
3141.5	23.1406503947901
3143.5	24.9831738425428
3145.5	25.2400741928686
3147.5	15.8522114942325
3149.5	14.6963506881357
3151.5	22.0447259032944
3153.5	16.6115121386183
3155.5	33.1440630438437
3157.5	28.784587840606
3159.5	31.9543389855362
3161.5	30.1452912095856
3163.5	26.2479784334064
3165.5	23.9611723827575
3167.5	34.9149885836023
3169.5	21.9479016774958
3171.5	27.7926159512281
3173.5	24.657928932751
3175.5	22.6266624789732
3177.5	28.2827187688272
3179.5	17.5886678032621
3181.5	27.1706807272985
3183.5	20.6856300323452
3185.5	25.8637090002376
3187.5	24.5051018971535
3189.5	39.2380375110724
3191.5	29.4836805457853
3193.5	27.99003507828
3195.5	19.3680023922961
3197.5	22.8157093320006
3199.5	22.039508788157
3201.5	24.0108057512243
3203.5	17.846611566195
3205.5	20.9676222403241
3207.5	28.8384496632152
3209.5	18.3836939353487
3211.5	23.7553360073352
3213.5	30.6374831477988
3215.5	20.5248322446869
3217.5	28.4471913990546
3219.5	24.1694590389234
3221.5	22.5075083396987
3223.5	35.6785040081422
3225.5	19.9752832600479
3227.5	27.3923785775878
3229.5	25.3876157065579
3231.5	30.3141390434384
3233.5	19.3684919022398
3235.5	22.4298503584823
3237.5	21.7856906370725
3239.5	23.3494323979949
3241.5	22.2067061343814
3243.5	26.1931446573699
3245.5	18.2318227332325
3247.5	37.6859297350256
3249.5	28.2404422433228
3251.5	20.053492873496
3253.5	23.7378978406614
3255.5	31.3842222635449
3257.5	25.4205610494582
3259.5	23.6181960978129
3261.5	26.020746415441
3263.5	27.9933713371283
3265.5	23.1489939361718
3267.5	26.1758174091729
3269.5	21.4925280742482
3271.5	28.7543852768122
3273.5	21.6997629389944
3275.5	30.2842277977379
3277.5	33.7265629694884
3279.5	32.0238586994801
3281.5	26.8512017536659
3283.5	25.1801943617429
3285.5	24.9377829771765
3287.5	29.7821006029926
3289.5	16.0785886081139
3291.5	21.543911436539
3293.5	26.6815592487801
3295.5	25.2574660273212
3297.5	32.9467990513967
3299.5	30.3153300854037
3301.5	27.8144974149754
3303.5	20.123126788194
3305.5	30.0708831442989
3307.5	31.0844066829623
3309.5	24.8367206568118
3311.5	26.6228007888212
3313.5	27.2402481600939
3315.5	25.2908882175689
3317.5	38.4614812318468
3319.5	32.1022874299924
3321.5	21.7790237199188
3323.5	27.7365888622735
3325.5	20.1682976336542
3327.5	28.6880211244861
3329.5	22.0758949794827
3331.5	26.0875509418893
3333.5	19.8386898874987
3335.5	29.274406730483
3337.5	25.8216723673677
3339.5	34.4070973199923
3341.5	32.8078698395666
3343.5	24.0621247486242
3345.5	34.3437917160882
3347.5	30.3930322616961
3349.5	27.7310626057561
3351.5	36.3343463335295
3353.5	23.9641041486138
3355.5	26.2389129357898
3357.5	26.9206651277555
3359.5	27.5182874813527
3361.5	33.7893908580727
3363.5	26.9667789266859
3365.5	26.3124514300907
3367.5	28.6392351744116
3369.5	24.1710830778711
3371.5	18.5704450373196
3373.5	33.4226682362823
3375.5	23.0653382275141
3377.5	25.6294365362755
3379.5	31.9559422783186
3381.5	26.8808682323597
3383.5	34.0920910559644
3385.5	21.2398916084539
3387.5	23.2301082634094
3389.5	10.6533931435579
3391.5	35.1919202223571
3393.5	24.3241584550397
3395.5	31.8432385698497
3397.5	20.7155144610933
3399.5	20.7058782740232
3401.5	25.4883206641243
3403.5	26.567187255333
3405.5	27.1570133323194
3407.5	34.5399832290677
3409.5	32.7138624729132
3411.5	30.7773390681259
3413.5	23.4723135075456
3415.5	20.8296664258814
3417.5	37.9626003520507
3419.5	23.3925447028005
3421.5	15.6034431939524
3423.5	22.8808255887479
3425.5	29.0710116793034
3427.5	23.8559372700029
3429.5	24.4752875143713
3431.5	30.4171228043451
3433.5	21.7335440129991
3435.5	28.4732147755058
3437.5	21.2316839558662
3439.5	24.320908064341
3441.5	30.5049221291138
3443.5	19.5124544022583
3445.5	31.2559585079043
3447.5	14.3509507758154
3449.5	24.2988501849204
3451.5	24.902099519335
3453.5	23.4606610498777
3455.5	26.1895681728565
3457.5	35.8392701408675
3459.5	24.0222220011783
3461.5	22.380478251529
3463.5	18.3358486999587
3465.5	28.5291358253071
3467.5	32.3585403533407
3469.5	20.2021677581688
3471.5	27.9473745324267
3473.5	28.1538783925471
3475.5	34.2094746769353
3477.5	24.1884968654576
3479.5	25.3108887039316
3481.5	37.7478112274894
3483.5	35.8325504720124
3485.5	24.6163419041904
3487.5	30.3484973830546
3489.5	28.2708704021306
3491.5	29.4890446608488
3493.5	20.7109648098822
3495.5	32.0645373744537
3497.5	28.864656007363
3499.5	27.7529956259295
3501.5	33.6771636410685
3503.5	33.9984822486913
3505.5	26.1853721742582
3507.5	32.8463050003274
3509.5	19.162702677233
3511.5	25.5225437182153
3513.5	26.0908373495795
3515.5	23.5153868241323
3517.5	28.5510115465686
3519.5	36.3410598151795
3521.5	26.1886086031109
3523.5	34.9076395982347
3525.5	28.2762734762218
3527.5	19.9212029756573
3529.5	30.9138074987568
3531.5	30.5538985821104
3533.5	26.1747610366665
3535.5	20.4871554310885
3537.5	28.2851644093553
3539.5	21.4163604488294
3541.5	34.6750538535125
3543.5	30.7962542960386
3545.5	23.4028375419875
3547.5	29.8819458424196
3549.5	29.2030628463854
3551.5	35.6768314536421
3553.5	28.6654674442543
3555.5	23.7536506742917
3557.5	26.49177416764
3559.5	39.7621340919886
3561.5	21.0987809765729
3563.5	33.6268075938833
3565.5	29.919398969786
3567.5	24.9385309738927
3569.5	24.6028176431773
3571.5	22.1794503704068
3573.5	19.5603309097496
3575.5	31.0892169059407
3577.5	22.1292251333198
3579.5	27.024796944057
3581.5	35.5711446555088
3583.5	24.9399724182849
3585.5	28.8540686253609
3587.5	24.8503832012157
3589.5	17.5079263040916
3591.5	15.2304280232811
3593.5	26.8280829152582
3595.5	26.3893653880368
3597.5	24.8297260942063
3599.5	28.6949262517437
3601.5	22.2552578228078
3603.5	35.0151801894472
3605.5	26.0608208929261
3607.5	21.7760110783956
3609.5	29.3064526751405
