1 1322.8756555323 1322.8756555323 0.492812866706363 1.97201239596184 0
2 1322.8756555323 1322.8756555323 0.492812866706363 1.97201239596184 0
3 1322.8756555323 1322.8756555323 0.492812866706363 1.97201239596184 0
4 1322.8756555323 1322.8756555323 0.492812866706363 1.97201239596184 0
5 1322.8756555323 1322.8756555323 0.492812866706363 1.97201239596184 0
6 1322.8756555323 1322.8756555323 0.492812866706363 1.97201239596184 0
7 1322.8756555323 1322.8756555323 0.492812866706363 1.97201239596184 0
8 1322.8756555323 1322.8756555323 0.492812866706363 1.97201239596184 0
9 1322.8756555323 1322.8756555323 0.492812866706363 1.97201239596184 0
10 1322.8756555323 1322.8756555323 0.492812866706363 1.97201239596184 0
11 1322.8756555323 1322.8756555323 0.492812866706363 1.97201239596184 0
12 1322.8756555323 1322.8756555323 0.492812866706363 1.97201239596184 0
13 1322.8756555323 1322.8756555323 0.492812866706363 1.97201239596184 0
14 1322.8756555323 1322.8756555323 0.492812866706363 1.97201239596184 0
15 1322.8756555323 1322.8756555323 0.492812866706363 1.97201239596184 0
16 1322.8756555323 1322.8756555323 0.492812866706363 1.97201239596184 0
17 1322.8756555323 1322.8756555323 0.492812866706363 1.97201239596184 0
18 1322.8756555323 1322.8756555323 0.492812866706363 1.97201239596184 0
19 1322.8756555323 1322.8756555323 0.492812866706363 1.97201239596184 0
20 1322.8756555323 1322.8756555323 0.492812866706363 1.97201239596184 0
21 1322.80026017876 1322.80026017876 0.492812866706363 1.97201239596184 0
22 1322.57325586072 1322.57325586072 0.492812866706363 1.97201239596184 0
23 1322.19553859923 1322.19553859923 0.492812866706363 1.97201239596184 0
24 1321.66636832158 1321.66636832158 0.492812866706363 1.97201239596184 0
25 1320.98671892699 1320.98671892699 0.492812866706363 1.97201239596184 0
26 1320.15676593291 1320.15676593291 0.492812866706363 1.97201239596184 0
27 1319.1758884001 1319.1758884001 0.492812866706363 1.97201239596184 0
28 1318.0443428879 1318.0443428879 0.492812866706363 1.97201239596184 0
29 1316.76326154651 1316.76326154651 0.492812866706363 1.97201239596184 0
30 1315.33298091978 1315.33298091978 0.492812866706363 1.97201239596184 0
31 1313.82804917236 1313.82804917236 0.492812866706363 1.97201239596184 0
32 1312.32444073067 1312.32444073067 0.492812866706363 1.97201239596184 0
33 1310.82299206776 1310.82299206776 0.492812866706363 1.97201239596184 0
34 1309.32204317477 1309.32204317477 0.492812866706363 1.97201239596184 0
35 1307.82243129704 1307.82243129704 0.492812866706363 1.97201239596184 0
36 1306.32499073275 1306.32499073275 0.492812866706363 1.97201239596184 0
37 1304.82806596751 1304.82806596751 0.492812866706363 1.97201239596184 0
38 1303.33249207946 1303.33249207946 0.492812866706363 1.97201239596184 0
39 1301.83910117009 1301.83910117009 0.492812866706363 1.97201239596184 0
40 1300.34624226519 1300.34624226519 0.492812866706363 1.97201239596184 0
41 1298.85474825371 1298.85474825371 0.492812866706363 1.97201239596184 0
42 1297.36462384304 1297.36462384304 0.492812866706363 1.97201239596184 0
43 1295.87669816815 1295.87669816815 0.492812866706363 1.97201239596184 0
44 1294.38932638453 1294.38932638453 0.492812866706363 1.97201239596184 0
45 1292.90333842517 1292.90333842517 0.492812866706363 1.97201239596184 0
46 1291.4195611745 1291.4195611745 0.492812866706363 1.97201239596184 0
47 1289.93635443876 1289.93635443876 0.492812866706363 1.97201239596184 0
48 1288.45454590785 1288.45454590785 0.492812866706363 1.97201239596184 0
49 1286.97496019222 1286.97496019222 0.492812866706363 1.97201239596184 0
50 1285.49596179706 1285.49596179706 0.492812866706363 1.97201239596184 0
51 1284.01837614606 1284.01837614606 0.492812866706363 1.97201239596184 0
52 1282.54302555085 1282.54302555085 0.492812866706363 1.97201239596184 0
53 1281.06827926566 1281.06827926566 0.492812866706363 1.97201239596184 0
54 1279.59496042399 1279.59496042399 0.492812866706363 1.97201239596184 0
55 1278.12388901439 1278.12388901439 0.492812866706363 1.97201239596184 0
56 1276.65343908914 1276.65343908914 0.492812866706363 1.97201239596184 0
57 1275.18443146764 1275.18443146764 0.492812866706363 1.97201239596184 0
58 1273.71768379153 1273.71768379153 0.492812866706363 1.97201239596184 0
59 1272.2515749607 1272.2515749607 0.492812866706363 1.97201239596184 0
60 1270.78692345623 1270.78692345623 0.492812866706363 1.97201239596184 0
61 1269.32454454804 1269.32454454804 0.492812866706363 1.97201239596184 0
62 1267.86282203449 1267.86282203449 0.492812866706363 1.97201239596184 0
63 1266.40257203385 1266.40257203385 0.492812866706363 1.97201239596184 0
64 1264.94460741917 1264.94460741917 0.492812866706363 1.97201239596184 0
65 1263.48731693794 1263.48731693794 0.492812866706363 1.97201239596184 0
66 1262.03151432082 1262.03151432082 0.492812866706363 1.97201239596184 0
67 1260.57801001942 1260.57801001942 0.492812866706363 1.97201239596184 0
68 1259.1251977815 1259.1251977815 0.492812866706363 1.97201239596184 0
69 1257.6738889251 1257.6738889251 0.492812866706363 1.97201239596184 0
70 1256.2248914549 1256.2248914549 0.492812866706363 1.97201239596184 0
71 1254.77660417097 1254.77660417097 0.492812866706363 1.97201239596184 0
72 1253.32983595334 1253.32983595334 0.492812866706363 1.97201239596184 0
73 1251.88459206791 1251.88459206791 0.492812866706363 1.97201239596184 0
74 1250.44167721821 1250.44167721821 0.492812866706363 1.97201239596184 0
75 1248.99949702149 1248.99949702149 0.492812866706363 1.97201239596184 0
76 1247.55885706789 1247.55885706789 0.492812866706363 1.97201239596184 0
77 1246.12055955208 1246.12055955208 0.492812866706363 1.97201239596184 0
78 1244.68301526756 1244.68301526756 0.492812866706363 1.97201239596184 0
79 1243.24702730625 1243.24702730625 0.492812866706363 1.97201239596184 0
80 1241.81339532914 1241.81339532914 0.492812866706363 1.97201239596184 0
81 1240.38053535925 1240.38053535925 0.492812866706363 1.97201239596184 0
82 1238.94924796402 1238.94924796402 0.492812866706363 1.97201239596184 0
83 1237.52033024408 1237.52033024408 0.492812866706363 1.97201239596184 0
84 1236.09220350639 1236.09220350639 0.492812866706363 1.97201239596184 0
85 1234.66566576706 1234.66566576706 0.492812866706363 1.97201239596184 0
86 1233.24151153987 1233.24151153987 0.492812866706363 1.97201239596184 0
87 1231.81816747068 1231.81816747068 0.492812866706363 1.97201239596184 0
88 1230.39642899715 1230.39642899715 0.492812866706363 1.97201239596184 0
89 1228.97708801847 1228.97708801847 0.492812866706363 1.97201239596184 0
90 1227.55857657565 1227.55857657565 0.492812866706363 1.97201239596184 0
91 1226.14168750048 1226.14168750048 0.492812866706363 1.97201239596184 0
92 1224.72721005023 1224.72721005023 0.492812866706363 1.97201239596184 0
93 1223.31358171641 1223.31358171641 0.492812866706363 1.97201239596184 0
94 1221.90159269822 1221.90159269822 0.492812866706363 1.97201239596184 0
95 1220.49202958289 1220.49202958289 0.492812866706363 1.97201239596184 0
96 1219.08333536912 1219.08333536912 0.492812866706363 1.97201239596184 0
97 1217.61572818284 1217.61572818284 0.492812866706363 1.97201239596184 0
98 1216.03762948263 1216.03762948263 0.492812866706363 1.97201239596184 0
99 1214.35859154654 1214.35859154654 0.492812866706363 1.97201239596184 0
100 1212.59269424745 1212.59269424745 0.492812866706363 1.97201239596184 0
101 1210.75178788633 1210.75178788633 0.492812866706363 1.97201239596184 0
102 1208.85126320263 1208.85126320263 0.492812866706363 1.97201239596184 0
103 1206.90290976466 1206.90290976466 0.492812866706363 1.97201239596184 0
104 1204.92285783743 1204.92285783743 0.492812866706363 1.97201239596184 0
105 1202.92512822399 1202.92512822399 0.492812866706363 1.97201239596184 0
106 1200.92661904361 1200.92661904361 0.492812866706363 1.97201239596184 0
107 1198.94127610422 1198.94127610422 0.492812866706363 1.97201239596184 0
108 1196.98389605016 1196.98389605016 0.492812866706363 1.97201239596184 0
109 1195.07059960343 1195.07059960343 0.492812866706363 1.97201239596184 0
110 1193.21617169752 1193.21617169752 0.492812866706363 1.97201239596184 0
111 1191.43390439604 1191.43390439604 0.492812866706363 1.97201239596184 0
112 1189.73915897027 1189.73915897027 0.492812866706363 1.97201239596184 0
113 1188.14367531503 1188.14367531503 0.492812866706363 1.97201239596184 0
114 1186.66147292863 1186.66147292863 0.492812866706363 1.97201239596184 0
115 1185.24030170013 1185.24030170013 0.492812866706363 1.97201239596184 0
116 1183.82158625117 1183.82158625117 0.492812866706363 1.97201239596184 0
117 1182.40455273407 1182.40455273407 0.492812866706363 1.97201239596184 0
118 1180.98990126642 1180.98990126642 0.492812866706363 1.97201239596184 0
119 1179.57624896769 1179.57624896769 0.492812866706363 1.97201239596184 0
120 1178.1649892215 1178.1649892215 0.492812866706363 1.97201239596184 0
121 1176.75474251942 1176.75474251942 0.492812866706363 1.97201239596184 0
122 1175.34620823516 1175.34620823516 0.492812866706363 1.97201239596184 0
123 1173.94008240119 1173.94008240119 0.492812866706363 1.97201239596184 0
124 1172.53499061571 1172.53499061571 0.492812866706363 1.97201239596184 0
125 1171.13162980185 1171.13162980185 0.492812866706363 1.97201239596184 0
126 1169.73069350787 1169.73069350787 0.492812866706363 1.97201239596184 0
127 1168.33081249359 1168.33081249359 0.492812866706363 1.97201239596184 0
128 1166.93336680441 1166.93336680441 0.492812866706363 1.97201239596184 0
129 1165.53699067352 1165.53699067352 0.492812866706363 1.97201239596184 0
130 1164.14237688146 1164.14237688146 0.492812866706363 1.97201239596184 0
131 1162.75021476992 1162.75021476992 0.492812866706363 1.97201239596184 0
132 1161.3591438275 1161.3591438275 0.492812866706363 1.97201239596184 0
133 1159.96985431091 1159.96985431091 0.492812866706363 1.97201239596184 0
134 1158.58303300416 1158.58303300416 0.492812866706363 1.97201239596184 0
135 1157.19732470342 1157.19732470342 0.492812866706363 1.97201239596184 0
136 1155.81409572876 1155.81409572876 0.492812866706363 1.97201239596184 0
137 1154.43199444846 1154.43199444846 0.492812866706363 1.97201239596184 0
138 1153.05170685416 1153.05170685416 0.492812866706363 1.97201239596184 0
139 1151.67391540339 1151.67391540339 0.492812866706363 1.97201239596184 0
140 1150.29727387096 1150.29727387096 0.492812866706363 1.97201239596184 0
141 1148.9224656544 1148.9224656544 0.492812866706363 1.97201239596184 0
142 1147.5501705727 1147.5501705727 0.492812866706363 1.97201239596184 0
143 1146.17904786869 1146.17904786869 0.492812866706363 1.97201239596184 0
144 1144.8104497255 1144.8104497255 0.492812866706363 1.97201239596184 0
145 1143.44303905871 1143.44303905871 0.492812866706363 1.97201239596184 0
146 1142.07749487371 1142.07749487371 0.492812866706363 1.97201239596184 0
147 1140.71449253583 1140.71449253583 0.492812866706363 1.97201239596184 0
148 1139.35270052245 1139.35270052245 0.492812866706363 1.97201239596184 0
149 1137.99279516627 1137.99279516627 0.492812866706363 1.97201239596184 0
150 1136.63544911784 1136.63544911784 0.492812866706363 1.97201239596184 0
151 1135.27933647855 1135.27933647855 0.492812866706363 1.97201239596184 0
152 1133.92579488419 1133.92579488419 0.492812866706363 1.97201239596184 0
153 1132.57350221829 1132.57350221829 0.492812866706363 1.97201239596184 0
154 1131.2231302914 1131.2231302914 0.492812866706363 1.97201239596184 0
155 1129.87534716516 1129.87534716516 0.492812866706363 1.97201239596184 0
156 1128.52883644688 1128.52883644688 0.492812866706363 1.97201239596184 0
157 1127.18426719189 1127.18426719189 0.492812866706363 1.97201239596184 0
158 1125.84230467104 1125.84230467104 0.492812866706363 1.97201239596184 0
159 1124.50163827491 1124.50163827491 0.492812866706363 1.97201239596184 0
160 1123.16359066542 1123.16359066542 0.492812866706363 1.97201239596184 0
161 1121.82685512235 1121.82685512235 0.492812866706363 1.97201239596184 0
162 1120.49209604673 1120.49209604673 0.492812866706363 1.97201239596184 0
163 1119.15997398647 1119.15997398647 0.492812866706363 1.97201239596184 0
164 1117.82918810712 1117.82918810712 0.492812866706363 1.97201239596184 0
165 1116.50039997798 1116.50039997798 0.492812866706363 1.97201239596184 0
166 1115.17426726771 1115.17426726771 0.492812866706363 1.97201239596184 0
167 1113.84949509534 1113.84949509534 0.492812866706363 1.97201239596184 0
168 1112.52739071026 1112.52739071026 0.492812866706363 1.97201239596184 0
169 1111.2066632298 1111.2066632298 0.492812866706363 1.97201239596184 0
170 1109.88796943195 1109.88796943195 0.492812866706363 1.97201239596184 0
171 1108.57196212197 1108.57196212197 0.492812866706363 1.97201239596184 0
172 1107.25735647406 1107.25735647406 0.492812866706363 1.97201239596184 0
173 1105.94480634649 1105.94480634649 0.492812866706363 1.97201239596184 0
174 1104.63496158446 1104.63496158446 0.492812866706363 1.97201239596184 0
175 1103.32654348251 1103.32654348251 0.492812866706363 1.97201239596184 0
176 1102.02084342842 1102.02084342842 0.492812866706363 1.97201239596184 0
177 1100.71658683431 1100.71658683431 0.492812866706363 1.97201239596184 0
178 1099.41442262132 1099.41442262132 0.492812866706363 1.97201239596184 0
179 1098.11499562756 1098.11499562756 0.492812866706363 1.97201239596184 0
180 1096.81703749406 1096.81703749406 0.492812866706363 1.97201239596184 0
181 1095.52119413922 1095.52119413922 0.492812866706363 1.97201239596184 0
182 1094.22810735209 1094.22810735209 0.492812866706363 1.97201239596184 0
183 1092.93651506921 1092.93651506921 0.492812866706363 1.97201239596184 0
184 1091.64769235043 1091.64769235043 0.492812866706363 1.97201239596184 0
185 1090.36038136371 1090.36038136371 0.492812866706363 1.97201239596184 0
186 1089.07522294459 1089.07522294459 0.492812866706363 1.97201239596184 0
187 1087.79285373224 1087.79285373224 0.492812866706363 1.97201239596184 0
188 1086.51202229885 1086.51202229885 0.492812866706363 1.97201239596184 0
189 1085.2339932599 1085.2339932599 0.492812866706363 1.97201239596184 0
190 1083.95751949841 1083.95751949841 0.492812866706363 1.97201239596184 0
191 1082.68323667707 1082.68323667707 0.492812866706363 1.97201239596184 0
192 1081.41177618283 1081.41177618283 0.492812866706363 1.97201239596184 0
193 1080.14189741403 1080.14189741403 0.492812866706363 1.97201239596184 0
194 1078.87423288768 1078.87423288768 0.492812866706363 1.97201239596184 0
195 1077.60941079367 1077.60941079367 0.492812866706363 1.97201239596184 0
196 1076.34619711805 1076.34619711805 0.492812866706363 1.97201239596184 0
197 1075.08583937381 1075.08583937381 0.492812866706363 1.97201239596184 0
198 1073.82710797541 1073.82710797541 0.492812866706363 1.97201239596184 0
199 1072.57063011144 1072.57063011144 0.492812866706363 1.97201239596184 0
200 1071.3170285709 1071.3170285709 0.492812866706363 1.97201239596184 0
201 1070.06508047119 1070.06508047119 0.492812866706363 1.97201239596184 0
202 1068.81540975779 1068.81540975779 0.492812866706363 1.97201239596184 0
203 1067.56863592891 1067.56863592891 0.492812866706363 1.97201239596184 0
204 1066.32354287555 1066.32354287555 0.492812866706363 1.97201239596184 0
205 1065.08136050973 1065.08136050973 0.492812866706363 1.97201239596184 0
206 1063.84087727354 1063.84087727354 0.492812866706363 1.97201239596184 0
207 1062.60271163156 1062.60271163156 0.492812866706363 1.97201239596184 0
208 1061.36747752042 1061.36747752042 0.492812866706363 1.97201239596184 0
209 1060.13397027202 1060.13397027202 0.492812866706363 1.97201239596184 0
210 1058.90280501505 1058.90280501505 0.492812866706363 1.97201239596184 0
211 1057.67459229991 1057.67459229991 0.492812866706363 1.97201239596184 0
212 1056.44813442123 1056.44813442123 0.492812866706363 1.97201239596184 0
213 1055.22464318175 1055.22464318175 0.492812866706363 1.97201239596184 0
214 1054.00292555793 1054.00292555793 0.492812866706363 1.97201239596184 0
215 1052.78359103084 1052.78359103084 0.492812866706363 1.97201239596184 0
216 1051.56724442923 1051.56724442923 0.492812866706363 1.97201239596184 0
217 1050.35269981018 1050.35269981018 0.492812866706363 1.97201239596184 0
218 1049.14056322051 1049.14056322051 0.492812866706363 1.97201239596184 0
219 1047.93143600412 1047.93143600412 0.492812866706363 1.97201239596184 0
220 1046.72413937003 1046.72413937003 0.492812866706363 1.97201239596184 0
221 1045.51986649802 1045.51986649802 0.492812866706363 1.97201239596184 0
222 1044.31744340464 1044.31744340464 0.492812866706363 1.97201239596184 0
223 1043.11747033135 1043.11747033135 0.492812866706363 1.97201239596184 0
224 1041.92054273238 1041.92054273238 0.492812866706363 1.97201239596184 0
225 1040.72549390408 1040.72549390408 0.492812866706363 1.97201239596184 0
226 1039.53292054991 1039.53292054991 0.492812866706363 1.97201239596184 0
227 1038.34341454117 1038.34341454117 0.492812866706363 1.97201239596184 0
228 1037.15581652448 1037.15581652448 0.492812866706363 1.97201239596184 0
229 1035.9713005166 1035.9713005166 0.492812866706363 1.97201239596184 0
230 1034.78871210667 1034.78871210667 0.492812866706363 1.97201239596184 0
231 1033.60864202479 1033.60864202479 0.492812866706363 1.97201239596184 0
232 1032.43167607767 1032.43167607767 0.492812866706363 1.97201239596184 0
233 1031.25666732961 1031.25666732961 0.492812866706363 1.97201239596184 0
234 1030.08420287475 1030.08420287475 0.492812866706363 1.97201239596184 0
235 1028.91486483046 1028.91486483046 0.492812866706363 1.97201239596184 0
236 1027.74751381394 1027.74751381394 0.492812866706363 1.97201239596184 0
237 1026.58330413839 1026.58330413839 0.492812866706363 1.97201239596184 0
238 1025.42110149791 1025.42110149791 0.492812866706363 1.97201239596184 0
239 1024.26148683538 1024.26148683538 0.492812866706363 1.97201239596184 0
240 1023.10503603293 1023.10503603293 0.492812866706363 1.97201239596184 0
241 1021.95062246388 1021.95062246388 0.492812866706363 1.97201239596184 0
242 1020.79882332748 1020.79882332748 0.492812866706363 1.97201239596184 0
243 1019.65021071282 1019.65021071282 0.492812866706363 1.97201239596184 0
244 1018.50366574575 1018.50366574575 0.492812866706363 1.97201239596184 0
245 1017.3603224851 1017.3603224851 0.492812866706363 1.97201239596184 0
246 1016.21906726948 1016.21906726948 0.492812866706363 1.97201239596184 0
247 1015.08047097251 1015.08047097251 0.492812866706363 1.97201239596184 0
248 1013.94509927113 1013.94509927113 0.492812866706363 1.97201239596184 0
249 1012.81184638855 1012.81184638855 0.492812866706363 1.97201239596184 0
250 1011.68127935043 1011.68127935043 0.492812866706363 1.97201239596184 0
251 1010.55395993041 1010.55395993041 0.492812866706363 1.97201239596184 0
252 1009.42879031504 1009.42879031504 0.492812866706363 1.97201239596184 0
253 1008.30688373595 1008.30688373595 0.492812866706363 1.97201239596184 0
254 1007.18714773128 1007.18714773128 0.492812866706363 1.97201239596184 0
255 1006.07014282054 1006.07014282054 0.492812866706363 1.97201239596184 0
256 1004.95642418171 1004.95642418171 0.492812866706363 1.97201239596184 0
257 1003.84490744601 1003.84490744601 0.492812866706363 1.97201239596184 0
258 1002.73614917482 1002.73614917482 0.492812866706363 1.97201239596184 0
259 1001.6307005318 1001.6307005318 0.492812866706363 1.97201239596184 0
260 1000.52748532114 1000.52748532114 0.492812866706363 1.97201239596184 0
261 999.42759537638 999.42759537638 0.492812866706363 1.97201239596184 0
262 998.329959992052 998.329959992052 0.492812866706363 1.97201239596184 0
263 997.235129039842 997.235129039842 0.492812866706363 1.97201239596184 0
264 996.143646901325 996.143646901325 0.492812866706363 1.97201239596184 0
265 995.054451181723 995.054451181723 0.492812866706363 1.97201239596184 0
266 993.968087678869 993.968087678869 0.492812866706363 1.97201239596184 0
267 992.885096650916 992.885096650916 0.492812866706363 1.97201239596184 0
268 991.804424088534 991.804424088534 0.492812866706363 1.97201239596184 0
269 990.727139832129 990.727139832129 0.492812866706363 1.97201239596184 0
270 989.652195506758 989.652195506758 0.492812866706363 1.97201239596184 0
271 988.580130032051 988.580130032051 0.492812866706363 1.97201239596184 0
272 987.51147669817 987.51147669817 0.492812866706363 1.97201239596184 0
273 986.445195647524 986.445195647524 0.492812866706363 1.97201239596184 0
274 985.381821618229 985.381821618229 0.492812866706363 1.97201239596184 0
275 984.321883657722 984.321883657722 0.492812866706363 1.97201239596184 0
276 983.264350512964 983.264350512964 0.492812866706363 1.97201239596184 0
277 982.210269438786 982.210269438786 0.492812866706363 1.97201239596184 0
278 981.158614960874 981.158614960874 0.492812866706363 1.97201239596184 0
279 980.109914749125 980.109914749125 0.492812866706363 1.97201239596184 0
280 979.064690685761 979.064690685761 0.492812866706363 1.97201239596184 0
281 978.021926035013 978.021926035013 0.492812866706363 1.97201239596184 0
282 976.982144165506 976.982144165506 0.492812866706363 1.97201239596184 0
283 975.94586260357 975.94586260357 0.492812866706363 1.97201239596184 0
284 974.912073432683 974.912073432683 0.492812866706363 1.97201239596184 0
285 973.881800717687 973.881800717687 0.492812866706363 1.97201239596184 0
286 972.854042467183 972.854042467183 0.492812866706363 1.97201239596184 0
287 971.829314784465 971.829314784465 0.492812866706363 1.97201239596184 0
288 970.808127836928 970.808127836928 0.492812866706363 1.97201239596184 0
289 969.789488592253 969.789488592253 0.492812866706363 1.97201239596184 0
290 968.773908736773 968.773908736773 0.492812866706363 1.97201239596184 0
291 967.761893962392 967.761893962392 0.492812866706363 1.97201239596184 0
292 966.752460277237 966.752460277237 0.492812866706363 1.97201239596184 0
293 965.746607935731 965.746607935731 0.492812866706363 1.97201239596184 0
294 964.743359016838 964.743359016838 0.492812866706363 1.97201239596184 0
295 963.743217743448 963.743217743448 0.492812866706363 1.97201239596184 0
296 962.746682253702 962.746682253702 0.492812866706363 1.97201239596184 0
297 961.752783803423 961.752783803423 0.492812866706363 1.97201239596184 0
298 960.762507452267 960.762507452267 0.492812866706363 1.97201239596184 0
299 959.774890623005 959.774890623005 0.492812866706363 1.97201239596184 0
300 958.790429952106 958.790429952106 0.492812866706363 1.97201239596184 0
301 957.809615893471 957.809615893471 0.492812866706363 1.97201239596184 0
302 956.831495184321 956.831495184321 0.492812866706363 1.97201239596184 0
303 955.856559851207 955.856559851207 0.492812866706363 1.97201239596184 0
304 954.885295675648 954.885295675648 0.492812866706363 1.97201239596184 0
305 953.916758795884 953.916758795884 0.492812866706363 1.97201239596184 0
306 952.951909451961 952.951909451961 0.492812866706363 1.97201239596184 0
307 952.067551277529 952.067551277529 0.492812866706363 1.97201239596184 0
308 951.347347911413 951.347347911413 0.492812866706363 1.97201239596184 0
309 950.794870434874 950.794870434874 0.492812866706363 1.97201239596184 0
310 950.416943856739 950.416943856739 0.492812866706363 1.97201239596184 0
311 950.21493134492 950.21493134492 0.492812866706363 1.97201239596184 0
312 950.191090216083 950.191090216083 0.492812866706363 1.97201239596184 0
313 950.346986253061 950.346986253061 0.492812866706363 1.97201239596184 0
314 950.678805141957 950.678805141957 0.492812866706363 1.97201239596184 0
315 951.185943770409 951.185943770409 0.492812866706363 1.97201239596184 0
316 951.86388527486 951.86388527486 0.492812866706363 1.97201239596184 0
317 952.705516218454 952.705516218454 0.492812866706363 1.97201239596184 0
318 953.706111954901 953.706111954901 0.492812866706363 1.97201239596184 0
319 954.857012987583 954.857012987583 0.492812866706363 1.97201239596184 0
320 956.148060165122 956.148060165122 0.492812866706363 1.97201239596184 0
321 957.569136890628 957.569136890628 0.492812866706363 1.97201239596184 0
322 959.109567050254 959.109567050254 0.492812866706363 1.97201239596184 0
323 960.756784189817 960.756784189817 0.492812866706363 1.97201239596184 0
324 962.498429513159 962.498429513159 0.492812866706363 1.97201239596184 0
325 964.281581558198 964.281581558198 0.492812866706363 1.97201239596184 0
326 966.06503857717 966.06503857717 0.492812866706363 1.97201239596184 0
327 967.850328299929 967.850328299929 0.492812866706363 1.97201239596184 0
328 969.636457685158 969.636457685158 0.492812866706363 1.97201239596184 0
329 971.42243186281 971.42243186281 0.492812866706363 1.97201239596184 0
330 973.21022625116 973.21022625116 0.492812866706363 1.97201239596184 0
331 974.998846504955 974.998846504955 0.492812866706363 1.97201239596184 0
332 976.787296480339 976.787296480339 0.492812866706363 1.97201239596184 0
333 978.577554434387 978.577554434387 0.492812866706363 1.97201239596184 0
334 980.368624739292 980.368624739292 0.492812866706363 1.97201239596184 0
335 982.15950999659 982.15950999659 0.492812866706363 1.97201239596184 0
336 983.952191256286 983.952191256286 0.492812866706363 1.97201239596184 0
337 985.74567162678 985.74567162678 0.492812866706363 1.97201239596184 0
338 987.539946754221 987.539946754221 0.492812866706363 1.97201239596184 0
339 989.334017601067 989.334017601067 0.492812866706363 1.97201239596184 0
340 991.129868865861 991.129868865861 0.492812866706363 1.97201239596184 0
341 992.926502005445 992.926502005445 0.492812866706363 1.97201239596184 0
342 994.722916774091 994.722916774091 0.492812866706363 1.97201239596184 0
343 996.52110055577 996.52110055577 0.492812866706363 1.97201239596184 0
344 998.320053590698 998.320053590698 0.492812866706363 1.97201239596184 0
345 1000.11877444381 1000.11877444381 0.492812866706363 1.97201239596184 0
346 1001.91925314054 1001.91925314054 0.492812866706363 1.97201239596184 0
347 1003.72048872412 1003.72048872412 0.492812866706363 1.97201239596184 0
348 1005.52147858675 1005.52147858675 0.492812866706363 1.97201239596184 0
349 1007.32421535411 1007.32421535411 0.492812866706363 1.97201239596184 0
350 1009.12769688988 1009.12769688988 0.492812866706363 1.97201239596184 0
351 1010.93091943384 1010.93091943384 0.492812866706363 1.97201239596184 0
352 1012.73587816687 1012.73587816687 0.492812866706363 1.97201239596184 0
353 1014.54156979296 1014.54156979296 0.492812866706363 1.97201239596184 0
354 1016.3469894166 1016.3469894166 0.492812866706363 1.97201239596184 0
355 1018.1541347335 1018.1541347335 0.492812866706363 1.97201239596184 0
356 1019.96200130492 1019.96200130492 0.492812866706363 1.97201239596184 0
357 1021.76958311782 1021.76958311782 0.492812866706363 1.97201239596184 0
358 1023.5788803425 1023.5788803425 0.492812866706363 1.97201239596184 0
359 1025.38888741417 1025.38888741417 0.492812866706363 1.97201239596184 0
360 1027.19859722029 1027.19859722029 0.492812866706363 1.97201239596184 0
361 1029.01001236575 1029.01001236575 0.492812866706363 1.97201239596184 0
362 1030.82212617691 1030.82212617691 0.492812866706363 1.97201239596184 0
363 1032.6339304585 1032.6339304585 0.492812866706363 1.97201239596184 0
364 1034.44743021081 1034.44743021081 0.492812866706363 1.97201239596184 0
365 1036.26161766922 1036.26161766922 0.492812866706363 1.97201239596184 0
366 1038.07548357154 1038.07548357154 0.492812866706363 1.97201239596184 0
367 1039.89103527464 1039.89103527464 0.492812866706363 1.97201239596184 0
368 1041.70726394051 1041.70726394051 0.492812866706363 1.97201239596184 0
369 1043.52416603536 1043.52416603536 0.492812866706363 1.97201239596184 0
370 1045.34073089672 1045.34073089672 0.492812866706363 1.97201239596184 0
371 1047.15896896833 1047.15896896833 0.492812866706363 1.97201239596184 0
372 1048.97787000487 1048.97787000487 0.492812866706363 1.97201239596184 0
373 1050.79642231471 1050.79642231471 0.492812866706363 1.97201239596184 0
374 1052.61663861283 1052.61663861283 0.492812866706363 1.97201239596184 0
375 1054.437507617 1054.437507617 0.492812866706363 1.97201239596184 0
376 1056.25801662093 1056.25801662093 0.492812866706363 1.97201239596184 0
377 1058.0801805758 1058.0801805758 0.492812866706363 1.97201239596184 0
378 1059.90298717708 1059.90298717708 0.492812866706363 1.97201239596184 0
379 1061.72542271989 1061.72542271989 0.492812866706363 1.97201239596184 0
380 1063.54950435604 1063.54950435604 0.492812866706363 1.97201239596184 0
381 1065.37421877491 1065.37421877491 0.492812866706363 1.97201239596184 0
382 1067.19855128694 1067.19855128694 0.492812866706363 1.97201239596184 0
383 1069.02452121058 1069.02452121058 0.492812866706363 1.97201239596184 0
384 1070.85111424447 1070.85111424447 0.492812866706363 1.97201239596184 0
385 1072.67731472792 1072.67731472792 0.492812866706363 1.97201239596184 0
386 1074.50514411344 1074.50514411344 0.492812866706363 1.97201239596184 0
387 1076.33358712294 1076.33358712294 0.492812866706363 1.97201239596184 0
388 1078.16162714051 1078.16162714051 0.492812866706363 1.97201239596184 0
389 1079.99128771691 1079.99128771691 0.492812866706363 1.97201239596184 0
390 1081.82155261398 1081.82155261398 0.492812866706363 1.97201239596184 0
391 1083.65140427335 1083.65140427335 0.492812866706363 1.97201239596184 0
392 1085.48286831363 1085.48286831363 0.492812866706363 1.97201239596184 0
393 1087.31492754882 1087.31492754882 0.492812866706363 1.97201239596184 0
394 1089.14656349251 1089.14656349251 0.492812866706363 1.97201239596184 0
395 1090.97980379949 1090.97980379949 0.492812866706363 1.97201239596184 0
396 1092.81363034982 1092.81363034982 0.492812866706363 1.97201239596184 0
397 1094.64702374254 1094.64702374254 0.492812866706363 1.97201239596184 0
398 1096.48201363789 1096.48201363789 0.492812866706363 1.97201239596184 0
399 1098.31758099498 1098.31758099498 0.492812866706363 1.97201239596184 0
400 1100.15372292337 1100.15372292337 0.492812866706363 1.97201239596184 0
401 1101.98941882323 1101.98941882323 0.492812866706363 1.97201239596184 0
402 1103.82670098179 1103.82670098179 0.492812866706363 1.97201239596184 0
403 1105.66454915149 1105.66454915149 0.492812866706363 1.97201239596184 0
404 1107.50194184851 1107.50194184851 0.492812866706363 1.97201239596184 0
405 1109.34091329508 1109.34091329508 0.492812866706363 1.97201239596184 0
406 1111.18044235414 1111.18044235414 0.492812866706363 1.97201239596184 0
407 1113.01950667094 1113.01950667094 0.492812866706363 1.97201239596184 0
408 1114.86014237291 1114.86014237291 0.492812866706363 1.97201239596184 0
409 1116.70132744632 1116.70132744632 0.492812866706363 1.97201239596184 0
410 1118.54203867829 1118.54203867829 0.492812866706363 1.97201239596184 0
411 1120.38431407322 1120.38431407322 0.492812866706363 1.97201239596184 0
412 1122.22713075329 1122.22713075329 0.492812866706363 1.97201239596184 0
413 1124.06946465907 1124.06946465907 0.492812866706363 1.97201239596184 0
414 1125.91335564425 1125.91335564425 0.492812866706363 1.97201239596184 0
415 1127.75777997928 1127.75777997928 0.492812866706363 1.97201239596184 0
416 1129.60171277019 1129.60171277019 0.492812866706363 1.97201239596184 0
417 1131.44719569249 1131.44719569249 0.492812866706363 1.97201239596184 0
418 1133.293204177 1133.293204177 0.492812866706363 1.97201239596184 0
419 1135.13871250703 1135.13871250703 0.492812866706363 1.97201239596184 0
420 1136.98576415295 1136.98576415295 0.492812866706363 1.97201239596184 0
421 1138.83333371851 1138.83333371851 0.492812866706363 1.97201239596184 0
422 1140.68039467397 1140.68039467397 0.492812866706363 1.97201239596184 0
423 1142.52899225999 1142.52899225999 0.492812866706363 1.97201239596184 0
424 1144.37810026369 1144.37810026369 0.492812866706363 1.97201239596184 0
425 1146.22669135589 1146.22669135589 0.492812866706363 1.97201239596184 0
426 1148.07681251872 1148.07681251872 0.492812866706363 1.97201239596184 0
427 1149.92743673574 1149.92743673574 0.492812866706363 1.97201239596184 0
428 1151.77753588889 1151.77753588889 0.492812866706363 1.97201239596184 0
429 1153.62915867723 1153.62915867723 0.492812866706363 1.97201239596184 0
430 1155.48127729108 1155.48127729108 0.492812866706363 1.97201239596184 0
431 1157.33388934896 1157.33388934896 0.492812866706363 1.97201239596184 0
432 1159.18596569974 1159.18596569974 0.492812866706363 1.97201239596184 0
433 1161.03955729302 1161.03955729302 0.492812866706363 1.97201239596184 0
434 1162.89363527761 1162.89363527761 0.492812866706363 1.97201239596184 0
435 1164.74716973915 1164.74716973915 0.492812866706363 1.97201239596184 0
436 1166.60221328558 1166.60221328558 0.492812866706363 1.97201239596184 0
437 1168.45773629896 1168.45773629896 0.492812866706363 1.97201239596184 0
438 1170.31270811193 1170.31270811193 0.492812866706363 1.97201239596184 0
439 1172.1691829678 1172.1691829678 0.492812866706363 1.97201239596184 0
440 1174.02613049188 1174.02613049188 0.492812866706363 1.97201239596184 0
441 1175.8825192735 1175.8825192735 0.492812866706363 1.97201239596184 0
442 1177.74040516883 1177.74040516883 0.492812866706363 1.97201239596184 0
443 1179.59875705619 1179.59875705619 0.492812866706363 1.97201239596184 0
444 1181.45654279276 1181.45654279276 0.492812866706363 1.97201239596184 0
445 1183.31581982385 1183.31581982385 0.492812866706363 1.97201239596184 0
446 1185.17555629039 1185.17555629039 0.492812866706363 1.97201239596184 0
447 1187.0347193284 1187.0347193284 0.492812866706363 1.97201239596184 0
448 1188.89536794933 1188.89536794933 0.492812866706363 1.97201239596184 0
449 1190.75646956682 1190.75646956682 0.492812866706363 1.97201239596184 0
450 1192.61699060552 1192.61699060552 0.492812866706363 1.97201239596184 0
451 1194.47899162048 1194.47899162048 0.492812866706363 1.97201239596184 0
452 1196.34143930893 1196.34143930893 0.492812866706363 1.97201239596184 0
453 1198.20329939282 1198.20329939282 0.492812866706363 1.97201239596184 0
454 1200.0666339493 1200.0666339493 0.492812866706363 1.97201239596184 0
455 1201.93040896889 1201.93040896889 0.492812866706363 1.97201239596184 0
456 1203.79358948036 1203.79358948036 0.492812866706363 1.97201239596184 0
457 1205.65823906148 1205.65823906148 0.492812866706363 1.97201239596184 0
458 1207.52332300598 1207.52332300598 0.492812866706363 1.97201239596184 0
459 1209.38780565776 1209.38780565776 0.492812866706363 1.97201239596184 0
460 1211.25375207519 1211.25375207519 0.492812866706363 1.97201239596184 0
461 1213.12012686391 1213.12012686391 0.492812866706363 1.97201239596184 0
462 1214.98692804979 1214.98692804979 0.492812866706363 1.97201239596184 0
463 1216.85311908007 1216.85311908007 0.492812866706363 1.97201239596184 0
464 1218.72076695194 1218.72076695194 0.492812866706363 1.97201239596184 0
465 1220.58883536964 1220.58883536964 0.492812866706363 1.97201239596184 0
466 1222.4562871167 1222.4562871167 0.492812866706363 1.97201239596184 0
467 1224.32519062319 1224.32519062319 0.492812866706363 1.97201239596184 0
468 1226.19450892695 1226.19450892695 0.492812866706363 1.97201239596184 0
469 1228.06320415654 1228.06320415654 0.492812866706363 1.97201239596184 0
470 1229.93334615515 1229.93334615515 0.492812866706363 1.97201239596184 0
471 1231.80389730269 1231.80389730269 0.492812866706363 1.97201239596184 0
472 1233.67381908277 1233.67381908277 0.492812866706363 1.97201239596184 0
473 1235.54518273055 1235.54518273055 0.492812866706363 1.97201239596184 0
474 1237.41694997708 1237.41694997708 0.492812866706363 1.97201239596184 0
475 1239.28808166985 1239.28808166985 0.492812866706363 1.97201239596184 0
476 1241.16065041717 1241.16065041717 0.492812866706363 1.97201239596184 0
477 1243.03361730983 1243.03361730983 0.492812866706363 1.97201239596184 0
478 1244.90594256687 1244.90594256687 0.492812866706363 1.97201239596184 0
479 1246.77970015133 1246.77970015133 0.492812866706363 1.97201239596184 0
480 1248.65385052212 1248.65385052212 0.492812866706363 1.97201239596184 0
481 1250.52735327842 1250.52735327842 0.492812866706363 1.97201239596184 0
482 1252.40228371885 1252.40228371885 0.492812866706363 1.97201239596184 0
483 1254.27760167873 1254.27760167873 0.492812866706363 1.97201239596184 0
484 1256.1522661458 1256.1522661458 0.492812866706363 1.97201239596184 0
485 1258.02835373644 1258.02835373644 0.492812866706363 1.97201239596184 0
486 1259.90482367055 1259.90482367055 0.492812866706363 1.97201239596184 0
487 1261.7806343317 1261.7806343317 0.492812866706363 1.97201239596184 0
488 1263.65786363654 1263.65786363654 0.492812866706363 1.97201239596184 0
489 1265.53547019756 1265.53547019756 0.492812866706363 1.97201239596184 0
490 1267.41345233907 1267.41345233907 0.492812866706363 1.97201239596184 0
491 1269.29076764918 1269.29076764918 0.492812866706363 1.97201239596184 0
492 1271.1694957528 1271.1694957528 0.492812866706363 1.97201239596184 0
493 1273.04859446371 1273.04859446371 0.492812866706363 1.97201239596184 0
494 1274.9270207859 1274.9270207859 0.492812866706363 1.97201239596184 0
495 1276.80685560347 1276.80685560347 0.492812866706363 1.97201239596184 0
496 1278.68705614098 1278.68705614098 0.492812866706363 1.97201239596184 0
497 1280.56657882378 1280.56657882378 0.492812866706363 1.97201239596184 0
498 1282.44750577907 1282.44750577907 0.492812866706363 1.97201239596184 0
499 1284.3287936497 1284.3287936497 0.492812866706363 1.97201239596184 0
500 1286.20939828983 1286.20939828983 0.492812866706363 1.97201239596184 0
501 1288.09140305317 1288.09140305317 0.492812866706363 1.97201239596184 0
502 1289.97376400837 1289.97376400837 0.492812866706363 1.97201239596184 0
503 1291.85543644598 1291.85543644598 0.492812866706363 1.97201239596184 0
504 1293.73850492899 1293.73850492899 0.492812866706363 1.97201239596184 0
505 1295.6219249605 1295.6219249605 0.492812866706363 1.97201239596184 0
506 1297.50465127292 1297.50465127292 0.492812866706363 1.97201239596184 0
507 1299.38876962459 1299.38876962459 0.492812866706363 1.97201239596184 0
508 1301.27323495856 1301.27323495856 0.492812866706363 1.97201239596184 0
509 1303.15700145786 1303.15700145786 0.492812866706363 1.97201239596184 0
510 1305.04215605842 1305.04215605842 0.492812866706363 1.97201239596184 0
511 1306.9276531517 1306.9276531517 0.492812866706363 1.97201239596184 0
512 1308.81244637758 1308.81244637758 0.492812866706363 1.97201239596184 0
513 1310.69862383519 1310.69862383519 0.492812866706363 1.97201239596184 0
514 1312.58513937069 1312.58513937069 0.492812866706363 1.97201239596184 0
515 1314.47094608695 1314.47094608695 0.492812866706363 1.97201239596184 0
516 1316.35813323212 1316.35813323212 0.492812866706363 1.97201239596184 0
517 1318.27247006024 1318.27247006024 0.492812866706363 1.97201239596184 0
518 1320.22880626617 1320.22880626617 0.492812866706363 1.97201239596184 0
519 1322.21482924211 1322.21482924211 0.492812866706363 1.97201239596184 0
520 1324.21378365591 1324.21378365591 0.492812866706363 1.97201239596184 0
521 1326.21010094012 1326.21010094012 0.492812866706363 1.97201239596184 0
522 1328.18892988132 1328.18892988132 0.492812866706363 1.97201239596184 0
523 1330.13595524333 1330.13595524333 0.492812866706363 1.97201239596184 0
524 1332.03685222026 1332.03685222026 0.492812866706363 1.97201239596184 0
525 1333.8764474434 1333.8764474434 0.492812866706363 1.97201239596184 0
526 1335.64059019321 1335.64059019321 0.492812866706363 1.97201239596184 0
527 1337.31732572999 1337.31732572999 0.492812866706363 1.97201239596184 0
528 1338.89400721727 1338.89400721727 0.492812866706363 1.97201239596184 0
529 1340.35878032217 1340.35878032217 0.492812866706363 1.97201239596184 0
530 1341.70044521045 1341.70044521045 0.492812866706363 1.97201239596184 0
531 1342.90955016898 1342.90955016898 0.492812866706363 1.97201239596184 0
532 1343.97870573921 1343.97870573921 0.492812866706363 1.97201239596184 0
533 1344.89740176177 1344.89740176177 0.492812866706363 1.97201239596184 0
534 1345.66024561969 1345.66024561969 0.492812866706363 1.97201239596184 0
535 1346.34508682635 1346.34508682635 0.492812866706363 1.97201239596184 0
536 1347.03117252534 1347.03117252534 0.492812866706363 1.97201239596184 0
537 1347.72021407196 1347.72021407196 0.492812866706363 1.97201239596184 0
538 1348.41187128151 1348.41187128151 0.492812866706363 1.97201239596184 0
539 1349.10579883045 1349.10579883045 0.492812866706363 1.97201239596184 0
540 1349.80267401239 1349.80267401239 0.492812866706363 1.97201239596184 0
541 1350.5018089143 1350.5018089143 0.492812866706363 1.97201239596184 0
542 1351.20388593081 1351.20388593081 0.492812866706363 1.97201239596184 0
543 1351.90821202811 1351.90821202811 0.492812866706363 1.97201239596184 0
544 1352.61547468594 1352.61547468594 0.492812866706363 1.97201239596184 0
545 1353.32497576951 1353.32497576951 0.492812866706363 1.97201239596184 0
546 1354.03740782546 1354.03740782546 0.492812866706363 1.97201239596184 0
547 1354.75206763388 1354.75206763388 0.492812866706363 1.97201239596184 0
548 1355.46965279364 1355.46965279364 0.492812866706363 1.97201239596184 0
549 1356.18980901122 1356.18980901122 0.492812866706363 1.97201239596184 0
550 1356.91217693842 1356.91217693842 0.492812866706363 1.97201239596184 0
551 1357.63746172616 1357.63746172616 0.492812866706363 1.97201239596184 0
552 1358.36494751126 1358.36494751126 0.492812866706363 1.97201239596184 0
553 1359.09534445677 1359.09534445677 0.492812866706363 1.97201239596184 0
554 1359.82793167187 1359.82793167187 0.492812866706363 1.97201239596184 0
555 1360.56342431687 1360.56342431687 0.492812866706363 1.97201239596184 0
556 1361.30109649077 1361.30109649077 0.492812866706363 1.97201239596184 0
557 1362.04166833485 1362.04166833485 0.492812866706363 1.97201239596184 0
558 1362.78477419777 1362.78477419777 0.492812866706363 1.97201239596184 0
559 1363.53004345152 1363.53004345152 0.492812866706363 1.97201239596184 0
560 1364.27820368065 1364.27820368065 0.492812866706363 1.97201239596184 0
561 1365.02851652718 1365.02851652718 0.492812866706363 1.97201239596184 0
562 1365.78171451878 1365.78171451878 0.492812866706363 1.97201239596184 0
563 1366.53705434408 1366.53705434408 0.492812866706363 1.97201239596184 0
564 1367.29527345649 1367.29527345649 0.492812866706363 1.97201239596184 0
565 1368.05562360648 1368.05562360648 0.492812866706363 1.97201239596184 0
566 1368.81884716057 1368.81884716057 0.492812866706363 1.97201239596184 0
567 1369.58419094777 1369.58419094777 0.492812866706363 1.97201239596184 0
568 1370.35240222741 1370.35240222741 0.492812866706363 1.97201239596184 0
569 1371.12310170149 1371.12310170149 0.492812866706363 1.97201239596184 0
570 1371.89590518539 1371.89590518539 0.492812866706363 1.97201239596184 0
571 1372.67156724875 1372.67156724875 0.492812866706363 1.97201239596184 0
572 1373.44932249525 1373.44932249525 0.492812866706363 1.97201239596184 0
573 1374.22993034998 1374.22993034998 0.492812866706363 1.97201239596184 0
574 1375.01262055486 1375.01262055486 0.492812866706363 1.97201239596184 0
575 1375.79815737234 1375.79815737234 0.492812866706363 1.97201239596184 0
576 1376.58576570145 1376.58576570145 0.492812866706363 1.97201239596184 0
577 1377.3762146248 1377.3762146248 0.492812866706363 1.97201239596184 0
578 1378.16911387192 1378.16911387192 0.492812866706363 1.97201239596184 0
579 1378.96406835834 1378.96406835834 0.492812866706363 1.97201239596184 0
580 1379.76185437128 1379.76185437128 0.492812866706363 1.97201239596184 0
581 1380.56168477069 1380.56168477069 0.492812866706363 1.97201239596184 0
582 1381.36434062432 1381.36434062432 0.492812866706363 1.97201239596184 0
583 1382.16903000848 1382.16903000848 0.492812866706363 1.97201239596184 0
584 1382.97653875418 1382.97653875418 0.492812866706363 1.97201239596184 0
585 1383.7860701695 1383.7860701695 0.492812866706363 1.97201239596184 0
586 1384.59841483593 1384.59841483593 0.492812866706363 1.97201239596184 0
587 1385.4127713078 1385.4127713078 0.492812866706363 1.97201239596184 0
588 1386.2299348987 1386.2299348987 0.492812866706363 1.97201239596184 0
589 1387.04950216222 1387.04950216222 0.492812866706363 1.97201239596184 0
590 1387.8710649329 1387.8710649329 0.492812866706363 1.97201239596184 0
591 1388.69542559033 1388.69542559033 0.492812866706363 1.97201239596184 0
592 1389.52177088721 1389.52177088721 0.492812866706363 1.97201239596184 0
593 1390.35090789635 1390.35090789635 0.492812866706363 1.97201239596184 0
594 1391.18201867626 1391.18201867626 0.492812866706363 1.97201239596184 0
595 1392.0159149745 1392.0159149745 0.492812866706363 1.97201239596184 0
596 1392.85177417705 1392.85177417705 0.492812866706363 1.97201239596184 0
597 1393.69041268928 1393.69041268928 0.492812866706363 1.97201239596184 0
598 1394.53141647961 1394.53141647961 0.492812866706363 1.97201239596184 0
599 1395.3743668724 1395.3743668724 0.492812866706363 1.97201239596184 0
600 1396.22008723228 1396.22008723228 0.492812866706363 1.97201239596184 0
601 1397.06774333038 1397.06774333038 0.492812866706363 1.97201239596184 0
602 1397.91816314689 1397.91816314689 0.492812866706363 1.97201239596184 0
603 1398.77050784133 1398.77050784133 0.492812866706363 1.97201239596184 0
604 1399.62560999244 1399.62560999244 0.492812866706363 1.97201239596184 0
605 1400.4826261621 1400.4826261621 0.492812866706363 1.97201239596184 0
606 1401.34239351477 1401.34239351477 0.492812866706363 1.97201239596184 0
607 1402.2040640302 1402.2040640302 0.492812866706363 1.97201239596184 0
608 1403.06847944102 1403.06847944102 0.492812866706363 1.97201239596184 0
609 1403.93521301743 1403.93521301743 0.492812866706363 1.97201239596184 0
610 1404.80383348153 1404.80383348153 0.492812866706363 1.97201239596184 0
611 1405.67518938482 1405.67518938482 0.492812866706363 1.97201239596184 0
612 1406.54842133166 1406.54842133166 0.492812866706363 1.97201239596184 0
613 1407.42438240199 1407.42438240199 0.492812866706363 1.97201239596184 0
614 1408.30220867629 1408.30220867629 0.492812866706363 1.97201239596184 0
615 1409.18275774589 1409.18275774589 0.492812866706363 1.97201239596184 0
616 1410.06516118891 1410.06516118891 0.492812866706363 1.97201239596184 0
617 1410.95028108817 1410.95028108817 0.492812866706363 1.97201239596184 0
618 1411.8376805207 1411.8376805207 0.492812866706363 1.97201239596184 0
619 1412.72691809137 1412.72691809137 0.492812866706363 1.97201239596184 0
620 1413.61886259227 1413.61886259227 0.492812866706363 1.97201239596184 0
621 1414.5126344167 1414.5126344167 0.492812866706363 1.97201239596184 0
622 1415.40910680846 1415.40910680846 0.492812866706363 1.97201239596184 0
623 1416.30739571961 1416.30739571961 0.492812866706363 1.97201239596184 0
624 1417.20837882854 1417.20837882854 0.492812866706363 1.97201239596184 0
625 1418.11116765982 1418.11116765982 0.492812866706363 1.97201239596184 0
626 1419.0166443104 1419.0166443104 0.492812866706363 1.97201239596184 0
627 1419.92391589731 1419.92391589731 0.492812866706363 1.97201239596184 0
628 1420.83386891836 1420.83386891836 0.492812866706363 1.97201239596184 0
629 1421.74605423226 1421.74605423226 0.492812866706363 1.97201239596184 0
630 1422.66001831911 1422.66001831911 0.492812866706363 1.97201239596184 0
631 1423.57665424855 1423.57665424855 0.492812866706363 1.97201239596184 0
632 1424.49505818888 1424.49505818888 0.492812866706363 1.97201239596184 0
633 1425.41612757139 1425.41612757139 0.492812866706363 1.97201239596184 0
634 1426.33895421502 1426.33895421502 0.492812866706363 1.97201239596184 0
635 1427.26443989445 1427.26443989445 0.492812866706363 1.97201239596184 0
636 1428.19167209521 1428.19167209521 0.492812866706363 1.97201239596184 0
637 1429.12155692105 1429.12155692105 0.492812866706363 1.97201239596184 0
638 1430.05363542835 1430.05363542835 0.492812866706363 1.97201239596184 0
639 1430.98744437127 1430.98744437127 0.492812866706363 1.97201239596184 0
640 1431.9238963129 1431.9238963129 0.492812866706363 1.97201239596184 0
641 1432.86206798348 1432.86206798348 0.492812866706363 1.97201239596184 0
642 1433.80287623145 1433.80287623145 0.492812866706363 1.97201239596184 0
643 1434.74539351337 1434.74539351337 0.492812866706363 1.97201239596184 0
644 1435.69054094878 1435.69054094878 0.492812866706363 1.97201239596184 0
645 1436.63738673821 1436.63738673821 0.492812866706363 1.97201239596184 0
646 1437.58685625341 1437.58685625341 0.492812866706363 1.97201239596184 0
647 1438.53801345824 1438.53801345824 0.492812866706363 1.97201239596184 0
648 1439.49178795895 1439.49178795895 0.492812866706363 1.97201239596184 0
649 1440.44770907263 1440.44770907263 0.492812866706363 1.97201239596184 0
650 1441.40530190364 1441.40530190364 0.492812866706363 1.97201239596184 0
651 1442.36550238274 1442.36550238274 0.492812866706363 1.97201239596184 0
652 1443.32736395156 1443.32736395156 0.492812866706363 1.97201239596184 0
653 1444.2918267364 1444.2918267364 0.492812866706363 1.97201239596184 0
654 1445.2579399999 1445.2579399999 0.492812866706363 1.97201239596184 0
655 1446.22664804562 1446.22664804562 0.492812866706363 1.97201239596184 0
656 1447.19699597417 1447.19699597417 0.492812866706363 1.97201239596184 0
657 1448.16993225345 1448.16993225345 0.492812866706363 1.97201239596184 0
658 1449.14497678407 1449.14497678407 0.492812866706363 1.97201239596184 0
659 1450.1216453351 1450.1216453351 0.492812866706363 1.97201239596184 0
660 1451.10089258576 1451.10089258576 0.492812866706363 1.97201239596184 0
661 1452.08175330516 1452.08175330516 0.492812866706363 1.97201239596184 0
662 1453.06518629265 1453.06518629265 0.492812866706363 1.97201239596184 0
663 1454.05022221265 1454.05022221265 0.492812866706363 1.97201239596184 0
664 1455.03782397251 1455.03782397251 0.492812866706363 1.97201239596184 0
665 1456.02701814882 1456.02701814882 0.492812866706363 1.97201239596184 0
666 1457.01877173496 1457.01877173496 0.492812866706363 1.97201239596184 0
667 1458.01210724207 1458.01210724207 0.492812866706363 1.97201239596184 0
668 1459.00799573254 1459.00799573254 0.492812866706363 1.97201239596184 0
669 1460.00594584168 1460.00594584168 0.492812866706363 1.97201239596184 0
670 1461.00546215925 1461.00546215925 0.492812866706363 1.97201239596184 0
671 1462.0075218271 1462.0075218271 0.492812866706363 1.97201239596184 0
672 1463.01113725462 1463.01113725462 0.492812866706363 1.97201239596184 0
673 1464.01728961355 1464.01728961355 0.492812866706363 1.97201239596184 0
674 1465.02498730472 1465.02498730472 0.492812866706363 1.97201239596184 0
675 1466.03521551218 1466.03521551218 0.492812866706363 1.97201239596184 0
676 1467.04697864306 1467.04697864306 0.492812866706363 1.97201239596184 0
677 1468.06126588176 1468.06126588176 0.492812866706363 1.97201239596184 0
678 1469.07757683113 1469.07757683113 0.492812866706363 1.97201239596184 0
679 1470.09540712956 1470.09540712956 0.492812866706363 1.97201239596184 0
680 1471.11575192687 1471.11575192687 0.492812866706363 1.97201239596184 0
681 1472.13760571849 1472.13760571849 0.492812866706363 1.97201239596184 0
682 1473.16196761009 1473.16196761009 0.492812866706363 1.97201239596184 0
683 1474.18782816169 1474.18782816169 0.492812866706363 1.97201239596184 0
684 1475.21619042241 1475.21619042241 0.492812866706363 1.97201239596184 0
685 1476.24604103029 1476.24604103029 0.492812866706363 1.97201239596184 0
686 1477.27838695909 1477.27838695909 0.492812866706363 1.97201239596184 0
687 1478.31221094718 1478.31221094718 0.492812866706363 1.97201239596184 0
688 1479.34852387617 1479.34852387617 0.492812866706363 1.97201239596184 0
689 1480.38681454695 1480.38681454695 0.492812866706363 1.97201239596184 0
690 1481.42656788485 1481.42656788485 0.492812866706363 1.97201239596184 0
691 1482.46880060496 1482.46880060496 0.492812866706363 1.97201239596184 0
692 1483.51248575927 1483.51248575927 0.492812866706363 1.97201239596184 0
693 1484.55864393095 1484.55864393095 0.492812866706363 1.97201239596184 0
694 1485.60624433075 1485.60624433075 0.492812866706363 1.97201239596184 0
695 1486.6563113912 1486.6563113912 0.492812866706363 1.97201239596184 0
696 1487.70781049495 1487.70781049495 0.492812866706363 1.97201239596184 0
697 1488.76176991174 1488.76176991174 0.492812866706363 1.97201239596184 0
698 1489.81766979401 1489.81766979401 0.492812866706363 1.97201239596184 0
699 1490.87498648624 1490.87498648624 0.492812866706363 1.97201239596184 0
700 1491.93475398371 1491.93475398371 0.492812866706363 1.97201239596184 0
701 1492.99592817001 1492.99592817001 0.492812866706363 1.97201239596184 0
702 1494.0595468336 1494.0595468336 0.492812866706363 1.97201239596184 0
703 1495.12456208717 1495.12456208717 0.492812866706363 1.97201239596184 0
704 1496.19201550036 1496.19201550036 0.492812866706363 1.97201239596184 0
705 1497.26085543125 1497.26085543125 0.492812866706363 1.97201239596184 0
706 1498.33212721269 1498.33212721269 0.492812866706363 1.97201239596184 0
707 1499.40477546302 1499.40477546302 0.492812866706363 1.97201239596184 0
708 1500.47984926509 1500.47984926509 0.492812866706363 1.97201239596184 0
709 1501.55681842233 1501.55681842233 0.492812866706363 1.97201239596184 0
710 1502.63514902511 1502.63514902511 0.492812866706363 1.97201239596184 0
711 1503.71589574895 1503.71589574895 0.492812866706363 1.97201239596184 0
712 1504.79799393376 1504.79799393376 0.492812866706363 1.97201239596184 0
713 1505.88250196544 1505.88250196544 0.492812866706363 1.97201239596184 0
714 1506.96835150333 1506.96835150333 0.492812866706363 1.97201239596184 0
715 1508.05660462385 1508.05660462385 0.492812866706363 1.97201239596184 0
716 1509.14618932114 1509.14618932114 0.492812866706363 1.97201239596184 0
717 1510.23817134772 1510.23817134772 0.492812866706363 1.97201239596184 0
718 1511.3320122282 1511.3320122282 0.492812866706363 1.97201239596184 0
719 1512.42716983929 1512.42716983929 0.492812866706363 1.97201239596184 0
720 1513.52471542237 1513.52471542237 0.492812866706363 1.97201239596184 0
721 1514.62356787644 1514.62356787644 0.492812866706363 1.97201239596184 0
722 1515.72480207631 1515.72480207631 0.492812866706363 1.97201239596184 0
723 1516.82733331304 1516.82733331304 0.492812866706363 1.97201239596184 0
724 1517.93224008397 1517.93224008397 0.492812866706363 1.97201239596184 0
725 1519.03843408606 1519.03843408606 0.492812866706363 1.97201239596184 0
726 1520.14699742223 1520.14699742223 0.492812866706363 1.97201239596184 0
727 1521.18295034496 1521.18295034496 0.492812866706363 1.97201239596184 0
728 1522.06807045639 1522.06807045639 0.492812866706363 1.97201239596184 0
729 1522.79610919121 1522.79610919121 0.492812866706363 1.97201239596184 0
730 1523.36110762852 1523.36110762852 0.492812866706363 1.97201239596184 0
731 1523.76000307924 1523.76000307924 0.492812866706363 1.97201239596184 0
732 1523.98946858951 1523.98946858951 0.492812866706363 1.97201239596184 0
733 1524.04629208278 1524.04629208278 0.492812866706363 1.97201239596184 0
734 1523.93268675886 1523.93268675886 0.492812866706363 1.97201239596184 0
735 1523.64730042355 1523.64730042355 0.492812866706363 1.97201239596184 0
736 1523.19366291355 1523.19366291355 0.492812866706363 1.97201239596184 0
737 1522.57320893193 1522.57320893193 0.492812866706363 1.97201239596184 0
738 1521.79282297522 1521.79282297522 0.492812866706363 1.97201239596184 0
739 1520.85619066119 1520.85619066119 0.492812866706363 1.97201239596184 0
740 1519.77154980128 1519.77154980128 0.492812866706363 1.97201239596184 0
741 1518.54674360318 1518.54674360318 0.492812866706363 1.97201239596184 0
742 1517.18937530757 1517.18937530757 0.492812866706363 1.97201239596184 0
743 1515.71129202911 1515.71129202911 0.492812866706363 1.97201239596184 0
744 1514.12139350963 1514.12139350963 0.492812866706363 1.97201239596184 0
745 1512.48097829896 1512.48097829896 0.492812866706363 1.97201239596184 0
746 1510.84233855405 1510.84233855405 0.492812866706363 1.97201239596184 0
747 1509.20366042738 1509.20366042738 0.492812866706363 1.97201239596184 0
748 1507.56585533409 1507.56585533409 0.492812866706363 1.97201239596184 0
749 1505.92983276486 1505.92983276486 0.492812866706363 1.97201239596184 0
750 1504.29378180616 1504.29378180616 0.492812866706363 1.97201239596184 0
751 1502.65861245705 1502.65861245705 0.492812866706363 1.97201239596184 0
752 1501.02523277442 1501.02523277442 0.492812866706363 1.97201239596184 0
753 1499.39183480673 1499.39183480673 0.492812866706363 1.97201239596184 0
754 1497.75932712372 1497.75932712372 0.492812866706363 1.97201239596184 0
755 1496.12861633354 1496.12861633354 0.492812866706363 1.97201239596184 0
756 1494.49789747674 1494.49789747674 0.492812866706363 1.97201239596184 0
757 1492.86807767914 1492.86807767914 0.492812866706363 1.97201239596184 0
758 1491.24006208681 1491.24006208681 0.492812866706363 1.97201239596184 0
759 1489.61204876081 1489.61204876081 0.492812866706363 1.97201239596184 0
760 1487.9849433703 1487.9849433703 0.492812866706363 1.97201239596184 0
761 1486.35874889704 1486.35874889704 0.492812866706363 1.97201239596184 0
762 1484.73436851226 1484.73436851226 0.492812866706363 1.97201239596184 0
763 1483.11000435466 1483.11000435466 0.492812866706363 1.97201239596184 0
764 1481.48656012639 1481.48656012639 0.492812866706363 1.97201239596184 0
765 1479.86493750194 1479.86493750194 0.492812866706363 1.97201239596184 0
766 1478.24334171191 1478.24334171191 0.492812866706363 1.97201239596184 0
767 1476.6226749664 1476.6226749664 0.492812866706363 1.97201239596184 0
768 1475.00383743007 1475.00383743007 0.492812866706363 1.97201239596184 0
769 1473.38503745442 1473.38503745442 0.492812866706363 1.97201239596184 0
770 1471.76717574393 1471.76717574393 0.492812866706363 1.97201239596184 0
771 1470.15115093646 1470.15115093646 0.492812866706363 1.97201239596184 0
772 1468.53517453805 1468.53517453805 0.492812866706363 1.97201239596184 0
773 1466.92014573124 1466.92014573124 0.492812866706363 1.97201239596184 0
774 1465.30696161253 1465.30696161253 0.492812866706363 1.97201239596184 0
775 1463.69383687305 1463.69383687305 0.492812866706363 1.97201239596184 0
776 1462.08166915918 1462.08166915918 0.492812866706363 1.97201239596184 0
777 1460.47135401051 1460.47135401051 0.492812866706363 1.97201239596184 0
778 1458.86110933501 1458.86110933501 0.492812866706363 1.97201239596184 0
779 1457.25183122767 1457.25183122767 0.492812866706363 1.97201239596184 0
780 1455.64441365568 1455.64441365568 0.492812866706363 1.97201239596184 0
781 1454.03707777542 1454.03707777542 0.492812866706363 1.97201239596184 0
782 1452.43071811677 1452.43071811677 0.492812866706363 1.97201239596184 0
783 1450.82622705717 1450.82622705717 0.492812866706363 1.97201239596184 0
784 1449.22182903503 1449.22182903503 0.492812866706363 1.97201239596184 0
785 1447.61841699785 1447.61841699785 0.492812866706363 1.97201239596184 0
786 1446.01688171917 1446.01688171917 0.492812866706363 1.97201239596184 0
787 1444.41545095175 1444.41545095175 0.492812866706363 1.97201239596184 0
788 1442.8150160449 1442.8150160449 0.492812866706363 1.97201239596184 0
789 1441.21646615198 1441.21646615198 0.492812866706363 1.97201239596184 0
790 1439.61803237417 1439.61803237417 0.492812866706363 1.97201239596184 0
791 1438.02060444582 1438.02060444582 0.492812866706363 1.97201239596184 0
792 1436.42418572187 1436.42418572187 0.492812866706363 1.97201239596184 0
793 1434.82966317245 1434.82966317245 0.492812866706363 1.97201239596184 0
794 1433.23527241361 1433.23527241361 0.492812866706363 1.97201239596184 0
795 1431.6419010023 1431.6419010023 0.492812866706363 1.97201239596184 0
796 1430.05043424975 1430.05043424975 0.492812866706363 1.97201239596184 0
797 1428.45911119897 1428.45911119897 0.492812866706363 1.97201239596184 0
798 1426.8688177548 1426.8688177548 0.492812866706363 1.97201239596184 0
799 1425.28043755383 1425.28043755383 0.492812866706363 1.97201239596184 0
800 1423.69221309991 1423.69221309991 0.492812866706363 1.97201239596184 0
801 1422.1050286301 1422.1050286301 0.492812866706363 1.97201239596184 0
802 1420.5197660886 1420.5197660886 0.492812866706363 1.97201239596184 0
803 1418.93467147567 1418.93467147567 0.492812866706363 1.97201239596184 0
804 1417.3506273426 1417.3506273426 0.492812866706363 1.97201239596184 0
805 1415.76851392592 1415.76851392592 0.492812866706363 1.97201239596184 0
806 1414.18658075643 1414.18658075643 0.492812866706363 1.97201239596184 0
807 1412.6057086833 1412.6057086833 0.492812866706363 1.97201239596184 0
808 1411.02677621671 1411.02677621671 0.492812866706363 1.97201239596184 0
809 1409.44803645627 1409.44803645627 0.492812866706363 1.97201239596184 0
810 1407.87036852989 1407.87036852989 0.492812866706363 1.97201239596184 0
811 1406.29464920508 1406.29464920508 0.492812866706363 1.97201239596184 0
812 1404.71913518471 1404.71913518471 0.492812866706363 1.97201239596184 0
813 1403.14470385975 1403.14470385975 0.492812866706363 1.97201239596184 0
814 1401.57223023684 1401.57223023684 0.492812866706363 1.97201239596184 0
815 1399.99997465865 1399.99997465865 0.492812866706363 1.97201239596184 0
816 1398.42881276163 1398.42881276163 0.492812866706363 1.97201239596184 0
817 1396.85961777372 1396.85961777372 0.492812866706363 1.97201239596184 0
818 1395.29065371405 1395.29065371405 0.492812866706363 1.97201239596184 0
819 1393.72279444764 1393.72279444764 0.492812866706363 1.97201239596184 0
820 1392.15604370635 1392.15604370635 0.492812866706363 1.97201239596184 0
821 1390.5912723191 1390.5912723191 0.492812866706363 1.97201239596184 0
822 1389.02674926499 1389.02674926499 0.492812866706363 1.97201239596184 0
823 1387.46334601785 1387.46334601785 0.492812866706363 1.97201239596184 0
824 1385.90193158461 1385.90193158461 0.492812866706363 1.97201239596184 0
825 1384.34077870926 1384.34077870926 0.492812866706363 1.97201239596184 0
826 1382.78075705108 1382.78075705108 0.492812866706363 1.97201239596184 0
827 1381.22273377728 1381.22273377728 0.492812866706363 1.97201239596184 0
828 1379.66498543486 1379.66498543486 0.492812866706363 1.97201239596184 0
829 1378.10837985006 1378.10837985006 0.492812866706363 1.97201239596184 0
830 1376.55378233133 1376.55378233133 0.492812866706363 1.97201239596184 0
831 1374.99947326807 1374.99947326807 0.492812866706363 1.97201239596184 0
832 1373.44631863474 1373.44631863474 0.492812866706363 1.97201239596184 0
833 1371.89518186184 1371.89518186184 0.492812866706363 1.97201239596184 0
834 1370.34434722008 1370.34434722008 0.492812866706363 1.97201239596184 0
835 1368.79467881329 1368.79467881329 0.492812866706363 1.97201239596184 0
836 1367.24703817534 1367.24703817534 0.492812866706363 1.97201239596184 0
837 1365.69971349767 1365.69971349767 0.492812866706363 1.97201239596184 0
838 1364.15356699437 1364.15356699437 0.492812866706363 1.97201239596184 0
839 1362.60945828323 1362.60945828323 0.492812866706363 1.97201239596184 0
840 1361.06567951659 1361.06567951659 0.492812866706363 1.97201239596184 0
841 1359.52309099889 1359.52309099889 0.492812866706363 1.97201239596184 0
842 1357.98255041384 1357.98255041384 0.492812866706363 1.97201239596184 0
843 1356.44235391363 1356.44235391363 0.492812866706363 1.97201239596184 0
844 1354.90335987457 1354.90335987457 0.492812866706363 1.97201239596184 0
845 1353.36642402452 1353.36642402452 0.492812866706363 1.97201239596184 0
846 1351.829846559 1351.829846559 0.492812866706363 1.97201239596184 0
847 1350.29448390504 1350.29448390504 0.492812866706363 1.97201239596184 0
848 1348.76118981508 1348.76118981508 0.492812866706363 1.97201239596184 0
849 1347.22826856868 1347.22826856868 0.492812866706363 1.97201239596184 0
850 1345.69657462438 1345.69657462438 0.492812866706363 1.97201239596184 0
851 1344.16611217859 1344.16611217859 0.492812866706363 1.97201239596184 0
852 1342.63773231661 1342.63773231661 0.492812866706363 1.97201239596184 0
853 1341.10974482903 1341.10974482903 0.492812866706363 1.97201239596184 0
854 1339.58300151884 1339.58300151884 0.492812866706363 1.97201239596184 0
855 1338.05835144784 1338.05835144784 0.492812866706363 1.97201239596184 0
856 1336.53410859014 1336.53410859014 0.492812866706363 1.97201239596184 0
857 1335.01112273178 1335.01112273178 0.492812866706363 1.97201239596184 0
858 1333.49024089045 1333.49024089045 0.492812866706363 1.97201239596184 0
859 1331.96978126603 1331.96978126603 0.492812866706363 1.97201239596184 0
860 1330.45059160762 1330.45059160762 0.492812866706363 1.97201239596184 0
861 1328.9335168674 1328.9335168674 0.492812866706363 1.97201239596184 0
862 1327.41687951457 1327.41687951457 0.492812866706363 1.97201239596184 0
863 1325.90152523998 1325.90152523998 0.492812866706363 1.97201239596184 0
864 1324.38829690974 1324.38829690974 0.492812866706363 1.97201239596184 0
865 1322.87552130532 1322.87552130532 0.492812866706363 1.97201239596184 0
866 1321.36404203938 1321.36404203938 0.492812866706363 1.97201239596184 0
867 1319.85469986872 1319.85469986872 0.492812866706363 1.97201239596184 0
868 1318.34582593296 1318.34582593296 0.492812866706363 1.97201239596184 0
869 1316.83826174397 1316.83826174397 0.492812866706363 1.97201239596184 0
870 1315.33284592815 1315.33284592815 0.492812866706363 1.97201239596184 0
