1 565.685424949644 565.685424949644 0.492718374601204 1.97209523340148 0
2 565.685424949644 565.685424949644 0.492718374601204 1.97209523340148 0
3 565.685424949644 565.685424949644 0.492718374601204 1.97209523340148 0
4 565.685424949644 565.685424949644 0.492718374601204 1.97209523340148 0
5 565.685424949644 565.685424949644 0.492718374601204 1.97209523340148 0
6 565.685424949644 565.685424949644 0.492718374601204 1.97209523340148 0
7 565.685424949644 565.685424949644 0.492718374601204 1.97209523340148 0
8 565.685424949644 565.685424949644 0.492718374601204 1.97209523340148 0
9 565.685424949644 565.685424949644 0.492718374601204 1.97209523340148 0
10 565.685424949644 565.685424949644 0.492718374601204 1.97209523340148 0
11 565.685424949644 565.685424949644 0.492718374601204 1.97209523340148 0
12 565.685424949644 565.685424949644 0.492718374601204 1.97209523340148 0
13 565.685424949644 565.685424949644 0.492718374601204 1.97209523340148 0
14 565.685424949644 565.685424949644 0.492718374601204 1.97209523340148 0
15 565.685424949644 565.685424949644 0.492718374601204 1.97209523340148 0
16 565.685424949644 565.685424949644 0.492718374601204 1.97209523340148 0
17 565.685424949644 565.685424949644 0.492718374601204 1.97209523340148 0
18 565.685424949644 565.685424949644 0.492718374601204 1.97209523340148 0
19 565.685424949644 565.685424949644 0.492718374601204 1.97209523340148 0
20 565.685424949644 565.685424949644 0.492718374601204 1.97209523340148 0
21 565.650262796218 565.650262796218 0.492718374601204 1.97209522451049 0
22 565.544112234166 565.544112234166 0.492718374601204 1.97209519783753 0
23 565.368114853092 565.368114853092 0.492718374601204 1.97209515338259 0
24 565.1220861118 565.1220861118 0.492718374601204 1.97209509114569 0
25 564.807646586799 564.807646586799 0.492718374601204 1.9720950111268 0
26 564.425875246666 564.425875246666 0.492718374601204 1.97209491332595 0
27 563.977318088344 563.977318088344 0.492718374601204 1.97209479774312 0
28 563.463550018302 563.463550018302 0.492718374601204 1.97209466437831 0
29 562.887167989497 562.887167989497 0.492718374601204 1.97209451323153 0
30 562.250242439927 562.250242439927 0.492718374601204 1.97209434430278 0
31 561.587086814897 561.587086814897 0.492718374601204 1.97209416648304 0
32 560.932063521506 560.932063521506 0.492718374601204 1.9720939886633 0
33 560.285960623901 560.285960623901 0.492718374601204 1.97209381084356 0
34 559.647284240595 559.647284240595 0.492718374601204 1.97209363302382 0
35 559.01682505936 559.01682505936 0.492718374601204 1.97209345520409 0
36 558.395361118828 558.395361118828 0.492718374601204 1.97209327738435 0
37 557.781416450353 557.781416450353 0.492718374601204 1.97209309956461 0
38 557.175771737757 557.175771737757 0.492718374601204 1.97209292174487 0
39 556.579194783459 556.579194783459 0.492718374601204 1.97209274392513 0
40 555.990227807485 555.990227807485 0.492718374601204 1.97209256610539 0
41 555.409641278479 555.409641278479 0.492718374601204 1.97209238828565 0
42 554.837461504601 554.837461504601 0.492718374601204 1.97209221046591 0
43 554.274442311529 554.274442311529 0.492718374601204 1.97209203264617 0
44 553.71915060025 553.71915060025 0.492718374601204 1.97209185482643 0
45 553.172342890724 553.172342890724 0.492718374601204 1.97209167700669 0
46 552.634762285258 552.634762285258 0.492718374601204 1.97209149918695 0
47 552.104994509556 552.104994509556 0.492718374601204 1.97209132136722 0
48 551.583785380512 551.583785380512 0.492718374601204 1.97209114354748 0
49 551.071867071901 551.071867071901 0.492718374601204 1.97209096572774 0
50 550.567844402124 550.567844402124 0.492718374601204 1.972090787908 0
51 550.072452279944 550.072452279944 0.492718374601204 1.97209061008826 0
52 549.58641174733 549.58641174733 0.492718374601204 1.97209043226852 0
53 549.108346981309 549.108346981309 0.492718374601204 1.97209025444878 0
54 548.638981779822 548.638981779822 0.492718374601204 1.97209007662904 0
55 548.179025853663 548.179025853663 0.492718374601204 1.9720898988093 0
56 547.727122999609 547.727122999609 0.492718374601204 1.97208972098956 0
57 547.283985705586 547.283985705586 0.492718374601204 1.97208954316982 0
58 546.850312156141 546.850312156141 0.492718374601204 1.97208936535008 0
59 546.424766025219 546.424766025219 0.492718374601204 1.97208918753035 0
60 546.008048295222 546.008048295222 0.492718374601204 1.97208900971061 0
61 545.600845432794 545.600845432794 0.492718374601204 1.97208883189087 0
62 545.201841243118 545.201841243118 0.492718374601204 1.97208865407113 0
63 544.811725011684 544.811725011684 0.492718374601204 1.97208847625139 0
64 544.431171300082 544.431171300082 0.492718374601204 1.97208829843165 0
65 544.058884293892 544.058884293892 0.492718374601204 1.97208812061191 0
66 543.69554139486 543.69554139486 0.492718374601204 1.97208794279217 0
67 543.34180507793 543.34180507793 0.492718374601204 1.97208776497243 0
68 542.996400153702 542.996400153702 0.492718374601204 1.97208758715269 0
69 542.659991958316 542.659991958316 0.492718374601204 1.97208740933295 0
70 542.333230703396 542.333230703396 0.492718374601204 1.97208723151321 0
71 542.014862064583 542.014862064583 0.492718374601204 1.97208705369348 0
72 541.705539135945 541.705539135945 0.492718374601204 1.97208687587374 0
73 541.405277421295 541.405277421295 0.492718374601204 1.972086698054 0
74 541.114710516961 541.114710516961 0.492718374601204 1.97208652023426 0
75 540.832612283167 540.832612283167 0.492718374601204 1.97208634241452 0
76 540.559619226821 540.559619226821 0.492718374601204 1.97208616459478 0
77 540.296352290563 540.296352290563 0.492718374601204 1.97208598677504 0
78 540.041606739863 540.041606739863 0.492718374601204 1.9720858089553 0
79 539.796006451021 539.796006451021 0.492718374601204 1.97208563113556 0
80 539.560159558227 539.560159558227 0.492718374601204 1.97208545331582 0
81 539.332882953802 539.332882953802 0.492718374601204 1.97208527549608 0
82 539.114787727822 539.114787727822 0.492718374601204 1.97208509767634 0
83 538.906469057108 538.906469057108 0.492718374601204 1.97208491985661 0
84 538.706765676843 538.706765676843 0.492718374601204 1.97208474203687 0
85 538.516275742145 538.516275742145 0.492718374601204 1.97208456421713 0
86 538.335581331294 538.335581331294 0.492718374601204 1.97208438639739 0
87 538.163543232092 538.163543232092 0.492718374601204 1.97208420857765 0
88 538.000746523373 538.000746523373 0.492718374601204 1.97208403075791 0
89 537.847760050671 537.847760050671 0.492718374601204 1.97208385293817 0
90 537.703466858189 537.703466858189 0.492718374601204 1.97208367511843 0
91 537.568438814886 537.568438814886 0.492718374601204 1.97208349729869 0
92 537.443231407897 537.443231407897 0.492718374601204 1.97208331947895 0
93 537.326750133754 537.326750133754 0.492718374601204 1.97208314165921 0
94 537.219553526678 537.219553526678 0.492718374601204 1.97208296383948 0
95 537.122183597673 537.122183597673 0.492718374601204 1.97208278601974 0
96 537.033568485053 537.033568485053 0.492718374601204 1.9720826082 0
97 536.857717897536 536.857717897536 0.492718367729505 1.97208243038026 0
98 536.501377753927 536.501377753927 0.492718347140556 1.97208225323675 0
99 535.96536999561 535.96536999561 0.492718312938755 1.97208207811678 0
100 535.254498790687 535.254498790687 0.4927182653321 1.97208190635226 0
101 534.37184922356 534.37184922356 0.492718204630608 1.97208173924956 0
102 533.325113285521 533.325113285521 0.492718131243956 1.97208157807958 0
103 532.118680656816 532.118680656816 0.492718045678364 1.97208142406807 0
104 530.762203301718 530.762203301718 0.49271794853274 1.97208127838628 0
105 529.263530747837 529.263530747837 0.492717840494122 1.97208114214208 0
106 527.634520689962 527.634520689962 0.492717722332452 1.97208101637151 0
107 525.885235779449 525.885235779449 0.492717594894714 1.9720809020309 0
108 524.026863729998 524.026863729998 0.492717459098488 1.9720807999896 0
109 522.073800109086 522.073800109086 0.492717315924968 1.97208071102334 0
110 520.03940824998 520.03940824998 0.492717166411492 1.97208063580835 0
111 517.936833212914 517.936833212914 0.492717011643651 1.97208057491619 0
112 515.783057154352 515.783057154352 0.492716852747024 1.97208052880944 0
113 513.592265280763 513.592265280763 0.492716690878611 1.97208049783812 0
114 511.381322374586 511.381322374586 0.492716527218033 1.9720804822371 0
115 509.146562445544 509.146562445544 0.492716369096089 1.97208048149989 0
116 506.908714858016 506.908714858016 0.492716212123752 1.97208048209901 0
117 504.673772788246 504.673772788246 0.492716054217138 1.97208048161211 0
118 502.43735462672 502.43735462672 0.492715897069803 1.97208048200781 0
119 500.201973475413 500.201973475413 0.492715739305408 1.97208048168623 0
120 497.965917332809 497.965917332809 0.492715582042493 1.97208048194758 0
121 495.730247118295 495.730247118295 0.492715424372028 1.97208048173518 0
122 493.493548036247 493.493548036247 0.492715267032775 1.97208048190779 0
123 491.258571060241 491.258571060241 0.492715109424348 1.97208048176751 0
124 489.022031712969 489.022031712969 0.492714952034677 1.97208048188152 0
125 486.786047155822 486.786047155822 0.492714794467224 1.97208048178887 0
126 484.550497666996 484.550497666996 0.492714637044253 1.97208048186416 0
127 482.314432034799 482.314432034799 0.492714479503862 1.97208048180297 0
128 480.078954161521 480.078954161521 0.492714322058897 1.9720804818527 0
129 477.842836104957 477.842836104957 0.49271416453638 1.97208048181228 0
130 475.606523365818 475.606523365818 0.492714007076888 1.97208048184513 0
131 473.371255202661 473.371255202661 0.492713849566176 1.97208048181844 0
132 471.134975656396 471.134975656396 0.49271369209709 1.97208048184013 0
133 468.898803213746 468.898803213746 0.492713534594174 1.9720804818225 0
134 466.663430254055 466.663430254055 0.492713377118751 1.97208048183683 0
135 464.427245244215 464.427245244215 0.492713219620984 1.97208048182518 0
136 462.191888897249 462.191888897249 0.492713062141376 1.97208048183465 0
137 459.95569686802 459.95569686802 0.49271290464701 1.97208048182696 0
138 457.71946924759 457.71946924759 0.492712747164637 1.97208048183321 0
139 455.484157463777 455.484157463777 0.492712589672517 1.97208048182813 0
140 453.247939269062 453.247939269062 0.492712432188318 1.97208048183226 0
141 451.01174305756 451.01174305756 0.492712274697682 1.9720804818289 0
142 448.77641611717 448.77641611717 0.492712117212276 1.97208048183163 0
143 446.540220754167 446.540220754167 0.492711959722619 1.97208048182941 0
144 444.304900319193 444.304900319193 0.492711802236417 1.97208048183121 0
145 442.068706959673 442.068706959673 0.492711644747407 1.97208048182975 0
146 439.832508515999 439.832508515999 0.492711487260678 1.97208048183094 0
147 437.597201763021 437.597201763021 0.492711329772095 1.97208048182997 0
148 435.361008614038 435.361008614038 0.492711172285019 1.97208048183076 0
149 433.124821433915 433.124821433915 0.492711014796717 1.97208048183012 0
150 430.889517226948 430.889517226948 0.492710857309411 1.97208048183064 0
151 428.653333875167 428.653333875167 0.492710699821296 1.97208048183022 0
152 426.418034682827 426.418034682827 0.492710542333838 1.97208048183056 0
153 424.181855495443 424.181855495443 0.492710384845845 1.97208048183028 0
154 421.945677265079 421.945677265079 0.492710227358287 1.97208048183051 0
155 419.710386557949 419.710386557949 0.492710069870375 1.97208048183032 0
156 417.474213306062 417.474213306062 0.49270991238275 1.97208048183047 0
157 415.238043209892 415.238043209892 0.492709754894892 1.97208048183035 0
158 413.002759155747 413.002759155747 0.492709597407223 1.97208048183045 0
159 410.766593957197 410.766593957197 0.492709439919399 1.97208048183037 0
160 408.53131515154 408.53131515154 0.492709282431701 1.97208048183043 0
161 406.295155054205 406.295155054205 0.492709124943901 1.97208048183038 0
162 404.058997330701 404.058997330701 0.492708967456183 1.97208048183042 0
163 401.823726837522 401.823726837522 0.492708809968398 1.97208048183039 0
164 399.587574590385 399.587574590385 0.492708652480667 1.97208048183042 0
165 397.35142525281 397.35142525281 0.492708494992891 1.97208048183039 0
166 395.1161630647 395.1161630647 0.492708337505152 1.97208048183041 0
167 392.88001942433 392.88001942433 0.492708180017383 1.9720804818304 0
168 390.644763144204 390.644763144204 0.492708022529637 1.97208048183041 0
169 388.40862540305 388.40862540305 0.492707865041872 1.9720804818304 0
170 386.172490631826 386.172490631826 0.492707707554123 1.97208048183041 0
171 383.937243604764 383.937243604764 0.49270755006636 1.9720804818304 0
172 381.701115071548 381.701115071548 0.492707392578608 1.97208048183041 0
173 379.464989744656 379.464989744656 0.492707235090847 1.9720804818304 0
174 377.229752383759 377.229752383759 0.492707077603093 1.97208048183041 0
175 374.99363362019 374.99363362019 0.492706920115332 1.9720804818304 0
176 372.758403028166 372.758403028166 0.492706762627577 1.97208048183041 0
177 370.522291071343 370.522291071343 0.492706605139817 1.9720804818304 0
178 368.286182581162 368.286182581162 0.49270644765206 1.97208048183041 0
179 366.050962595729 366.050962595729 0.492706290164301 1.9720804818304 0
180 363.814861293373 363.814861293373 0.492706132676543 1.97208048183041 0
181 361.578763670816 361.578763670816 0.492705975188783 1.9720804818304 0
182 359.343554871035 359.343554871035 0.492705817701025 1.9720804818304 0
183 357.107464843992 357.107464843992 0.492705660213265 1.9720804818304 0
184 354.872263874878 354.872263874878 0.492705502725506 1.9720804818304 0
185 352.636181735769 352.636181735769 0.492705345237746 1.9720804818304 0
186 350.400103627195 350.400103627195 0.492705187749986 1.9720804818304 0
187 348.16491494731 348.16491494731 0.492705030262226 1.9720804818304 0
188 345.928845191835 345.928845191835 0.492704872774466 1.9720804818304 0
189 343.693665119014 343.693665119014 0.492704715286705 1.9720804818304 0
190 341.457604044153 341.457604044153 0.492704557798945 1.9720804818304 0
191 339.221547415135 339.221547415135 0.492704400311184 1.9720804818304 0
192 336.986380874734 336.986380874734 0.492704242823423 1.9720804818304 0
193 334.750333451708 334.750333451708 0.492704085335661 1.9720804818304 0
194 332.514290749709 332.514290749709 0.4927039278479 1.9720804818304 0
195 330.279138568642 330.279138568642 0.492703770360138 1.9720804818304 0
196 328.043105644509 328.043105644509 0.492703612872376 1.9720804818304 0
197 325.807963547854 325.807963547854 0.492703455384614 1.9720804818304 0
198 323.57194081024 323.57194081024 0.492703297896851 1.9720804818304 0
199 321.335923298771 321.335923298771 0.492703140409089 1.9720804818304 0
200 319.100797099305 319.100797099305 0.492702982921326 1.9720804818304 0
201 316.864790429684 316.864790429684 0.492702825433563 1.9720804818304 0
202 314.628789325986 314.628789325986 0.4927026679458 1.9720804818304 0
203 312.393680050985 312.393680050985 0.492702510458036 1.9720804818304 0
204 310.157690498121 310.157690498121 0.492702352970273 1.9720804818304 0
205 307.922593143859 307.922593143859 0.492702195482509 1.9720804818304 0
206 305.686615652413 305.686615652413 0.492702037994745 1.9720804818304 0
207 303.450644363071 303.450644363071 0.492701880506981 1.9720804818304 0
208 301.215565856747 301.215565856747 0.492701723019216 1.9720804818304 0
209 298.979607447939 298.979607447939 0.492701565531451 1.9720804818304 0
210 296.743655670108 296.743655670108 0.492701408043687 1.9720804818304 0
211 294.508597305986 294.508597305986 0.492701250555921 1.9720804818304 0
212 292.272659308409 292.272659308409 0.492701093068156 1.9720804818304 0
213 290.037615172182 290.037615172182 0.492700935580391 1.9720804818304 0
214 287.801691600461 287.801691600461 0.492700778092625 1.9720804818304 0
215 285.565775461309 285.565775461309 0.492700620604859 1.9720804818304 0
216 283.330753902787 283.330753902787 0.492700463117093 1.9720804818304 0
217 281.094853236128 281.094853236128 0.492700305629327 1.9720804818304 0
218 278.858960549262 278.858960549262 0.49270014814156 1.9720804818304 0
219 276.623963221192 276.623963221192 0.492699990653793 1.9720804818304 0
220 274.388087152242 274.388087152242 0.492699833166026 1.9720804818304 0
221 272.15310700193 272.15310700193 0.492699675678259 1.9720804818304 0
222 269.917248384674 269.917248384674 0.492699518190492 1.9720804818304 0
223 267.681398782902 267.681398782902 0.492699360702724 1.9720804818304 0
224 265.44644599282 265.44644599282 0.492699203214956 1.9720804818304 0
225 263.210615194326 263.210615194326 0.492699045727188 1.9720804818304 0
226 260.974794117382 260.974794117382 0.49269888823942 1.9720804818304 0
227 258.73987082997 258.73987082997 0.492698730751652 1.9720804818304 0
228 256.50407005204 256.50407005204 0.492698573263883 1.9720804818304 0
229 254.269167763784 254.269167763784 0.492698415776114 1.9720804818304 0
230 252.033388367735 252.033388367735 0.492698258288345 1.9720804818304 0
231 249.797620051891 249.797620051891 0.492698100800576 1.9720804818304 0
232 247.562751362838 247.562751362838 0.492697943312807 1.9720804818304 0
233 245.327006206052 245.327006206052 0.492697785825037 1.9720804818304 0
234 243.09127306608 243.09127306608 0.492697628337267 1.9720804818304 0
235 240.856440803007 240.856440803007 0.492697470849497 1.9720804818304 0
236 238.620732805182 238.620732805182 0.492697313361727 1.9720804818304 0
237 236.385926588019 236.385926588019 0.492697155873956 1.9720804818304 0
238 234.150245179875 234.150245179875 0.492696998386185 1.9720804818304 0
239 231.914577595522 231.914577595522 0.492696840898415 1.9720804818304 0
240 229.679813267179 229.679813267179 0.492696683410643 1.9720804818304 0
241 227.444174661146 227.444174661146 0.492696525922872 1.9720804818304 0
242 225.208551139147 225.208551139147 0.492696368435101 1.9720804818304 0
243 222.97383251069 222.97383251069 0.492696210947329 1.9720804818304 0
244 220.738240646548 220.738240646548 0.492696053459557 1.9720804818304 0
245 218.503554871713 218.503554871713 0.492695895971785 1.9720804818304 0
246 216.267996645528 216.267996645528 0.492695738484012 1.9720804818304 0
247 214.032455969195 214.032455969195 0.49269558099624 1.9720804818304 0
248 211.79782334285 211.79782334285 0.492695423508467 1.9720804818304 0
249 209.562319583404 209.562319583404 0.492695266020694 1.9720804818304 0
250 207.326835117059 207.326835117059 0.492695108532921 1.9720804818304 0
251 205.092260899686 205.092260899686 0.492694951045147 1.9720804818304 0
252 202.856817073568 202.856817073568 0.492694793557374 1.9720804818304 0
253 200.622285113007 200.622285113007 0.4926946360696 1.9720804818304 0
254 198.386884690116 198.386884690116 0.492694478581826 1.9720804818304 0
255 196.151507015025 196.151507015025 0.492694321094052 1.9720804818304 0
256 193.917043891804 193.917043891804 0.492694163606277 1.9720804818304 0
257 191.681714256283 191.681714256283 0.492694006118503 1.9720804818304 0
258 189.446409845164 189.446409845164 0.492693848630728 1.9720804818304 0
259 187.212023031137 187.212023031137 0.492693691142953 1.9720804818304 0
260 184.976771976602 184.976771976602 0.492693533655177 1.9720804818304 0
261 182.742440787458 182.742440787458 0.492693376167402 1.9720804818304 0
262 180.507247084786 180.507247084786 0.492693218679626 1.9720804818304 0
263 178.27208359648 178.27208359648 0.49269306119185 1.9720804818304 0
264 176.037843771739 176.037843771739 0.492692903704074 1.9720804818304 0
265 173.802744399431 173.802744399431 0.492692746216298 1.9720804818304 0
266 171.56767887752 171.56767887752 0.492692588728521 1.9720804818304 0
267 169.333541397239 169.333541397239 0.492692431240745 1.9720804818304 0
268 167.098547864699 167.098547864699 0.492692273752968 1.9720804818304 0
269 164.864485669456 164.864485669456 0.492692116265191 1.9720804818304 0
270 162.629570105442 162.629570105442 0.492691958777413 1.9720804818304 0
271 160.394695871437 160.394695871437 0.492691801289636 1.9720804818304 0
272 158.160758588647 158.160758588647 0.492691643801858 1.9720804818304 0
273 155.925972595948 155.925972595948 0.49269148631408 1.9720804818304 0
274 153.69123350642 153.69123350642 0.492691328826302 1.9720804818304 0
275 151.457437937948 151.457437937948 0.492691171338523 1.9720804818304 0
276 149.222799247054 149.222799247054 0.492691013850745 1.9720804818304 0
277 146.989109101984 146.989109101984 0.492690856362966 1.9720804818304 0
278 144.754580181782 144.754580181782 0.492690698875187 1.9720804818304 0
279 142.520109905203 142.520109905203 0.492690541387408 1.9720804818304 0
280 140.286596877894 140.286596877894 0.492690383899628 1.9720804818304 0
281 138.05225274628 138.05225274628 0.492690226411849 1.9720804818304 0
282 135.817976230881 135.817976230881 0.492690068924069 1.9720804818304 0
283 133.584667384986 133.584667384986 0.492689911436289 1.9720804818304 0
284 131.350536809701 131.350536809701 0.492689753948509 1.9720804818304 0
285 129.117382031161 129.117382031161 0.492689596460728 1.9720804818304 0
286 126.8834129597 126.8834129597 0.492689438972947 1.9720804818304 0
287 124.649531006448 124.649531006448 0.492689281485166 1.9720804818304 0
288 122.416639224174 122.416639224174 0.492689123997385 1.9720804818304 0
289 120.18294652641 120.18294652641 0.492688966509604 1.9720804818304 0
290 117.949356365126 117.949356365126 0.492688809021822 1.9720804818304 0
291 115.716774075741 115.716774075741 0.492688651534041 1.9720804818304 0
292 113.483407663787 113.483407663787 0.492688494046259 1.9720804818304 0
293 111.251063277056 111.251063277056 0.492688336558477 1.9720804818304 0
294 109.017948403187 109.017948403187 0.492688179070694 1.9720804818304 0
295 106.784970952916 106.784970952916 0.492688021582912 1.9720804818304 0
296 104.553041292084 104.553041292084 0.492687864095129 1.9720804818304 0
297 102.32036636259 102.32036636259 0.492687706607346 1.9720804818304 0
298 100.08876022739 100.08876022739 0.492687549119563 1.9720804818304 0
299 97.8564297034956 97.8564297034956 0.49268739163178 1.9720804818304 0
300 95.6242892712146 95.6242892712146 0.492687234143996 1.9720804818304 0
301 93.3932567524358 93.3932567524358 0.492687076656212 1.9720804818304 0
302 91.1615393269227 91.1615393269227 0.492686919168428 1.9720804818304 0
303 88.9300570806477 88.9300570806477 0.492686761680644 1.9720804818304 0
304 86.6997342399667 86.6997342399667 0.49268660419286 1.9720804818304 0
305 84.468779429311 84.468779429311 0.492686446705075 1.9720804818304 0
306 82.2390277951753 82.2390277951753 0.49268628921729 1.9720804818304 0
307 80.0033881110224 80.0033881110224 0.492686131729505 1.97208048958912 0
308 77.7703678611254 77.7703678611254 0.492685974840628 1.97208051283575 0
309 75.5549436289366 75.5549436289366 0.492685819743917 1.97208055145241 0
310 73.3778160863127 73.3778160863127 0.492685667618992 1.97208060520425 0
311 71.2588928165893 71.2588928165893 0.492685519622853 1.97208067374123 0
312 69.2194470421816 69.2194470421816 0.492685376881081 1.9720807566008 0
313 67.2848414259474 67.2848414259474 0.492685240479266 1.97208085321139 0
314 65.476638103726 65.476638103726 0.492685111454746 1.97208096289678 0
315 63.8217524742231 63.8217524742231 0.492684990788717 1.97208108488125 0
316 62.343899615113 62.343899615113 0.492684879398758 1.97208121829546 0
317 61.0665719301218 61.0665719301218 0.492684778131854 1.97208136218311 0
318 60.0136325706324 60.0136325706324 0.492684687757946 1.97208151550816 0
319 59.2042126095006 59.2042126095006 0.492684608964074 1.97208167716278 0
320 58.6534660764535 58.6534660764535 0.492684542349145 1.97208184597571 0
321 58.3721205384558 58.3721205384558 0.492684488419379 1.97208202072125 0
322 58.3667787743779 58.3667787743779 0.492684447584454 1.97208220012852 0
323 58.6369658185029 58.6369658185029 0.492684420154387 1.97208238289117 0
324 59.1760718298433 59.1760718298433 0.492684406337176 1.97208256767732 0
325 59.9378592145104 59.9378592145104 0.492684405684254 1.97208274620989 0
326 60.782576727462 60.782576727462 0.492684406214879 1.97208292344447 0
327 61.6892689679578 61.6892689679578 0.492684405783644 1.97208310173392 0
328 62.6694623301498 62.6694623301498 0.492684406134105 1.97208327916608 0
329 63.7067201824628 63.7067201824628 0.492684405849288 1.97208345729495 0
330 64.8098690065617 64.8098690065617 0.492684406080757 1.97208363485761 0
331 65.9668328788743 65.9668328788743 0.492684405892644 1.97208381288043 0
332 67.1802688781798 67.1802688781798 0.492684406045522 1.97208399052928 0
333 68.4438658949249 68.4438658949249 0.492684405921279 1.97208416848205 0
334 69.7581679524872 69.7581679524872 0.49268440602225 1.97208434618783 0
335 71.1160048292765 71.1160048292765 0.492684405940192 1.97208452409434 0
336 72.5195714614455 72.5195714614455 0.49268440600688 1.97208470183771 0
337 73.9631515261835 73.9631515261835 0.492684405952683 1.97208487971367 0
338 75.446203695364 75.446203695364 0.492684405996728 1.97208505748187 0
339 76.9639914772867 76.9639914772867 0.492684405960933 1.97208523533765 0
340 78.5176515586024 78.5176515586024 0.492684405990024 1.97208541312225 0
341 80.103207778552 80.103207778552 0.492684405966382 1.9720855909647 0
342 81.7184791836662 81.7184791836662 0.492684405985595 1.97208576876014 0
343 83.3632001757514 83.3632001757514 0.492684405969981 1.97208594659378 0
344 85.0351453574184 85.0351453574184 0.492684405982671 1.97208612439637 0
345 86.7312785128037 86.7312785128037 0.492684405972358 1.9720863022242 0
346 88.4526052321089 88.4526052321089 0.492684405980739 1.97208648003152 0
347 90.1964227171799 90.1964227171799 0.492684405973927 1.9720866578555 0
348 91.9605638239526 91.9605638239526 0.492684405979463 1.97208683566594 0
349 93.7458311996281 93.7458311996281 0.492684405974964 1.97208701348739 0
350 95.5501464727446 95.5501464727446 0.49268440597862 1.97208719129989 0
351 97.3712500302546 97.3712500302546 0.492684405975649 1.97208736911967 0
352 99.210430863126 99.210430863126 0.492684405978064 1.97208754693353 0
353 101.065600136529 101.065600136529 0.492684405976101 1.9720877247522 0
354 102.934846592331 102.934846592331 0.492684405977696 1.97208790256696 0
355 104.81951525944 104.81951525944 0.4926844059764 1.9720880803849 0
356 106.717782889467 106.717782889467 0.492684405977453 1.97208825820025 0
357 108.627803068153 108.627803068153 0.492684405976597 1.97208843601771 0
358 110.551141047154 110.551141047154 0.492684405977293 1.97208861383346 0
359 112.486047819838 112.486047819838 0.492684405976728 1.97208879165059 0
360 114.430844479794 114.430844479794 0.492684405977187 1.9720889694666 0
361 116.387180988345 116.387180988345 0.492684405976814 1.97208914728352 0
362 118.35344322372 118.35344322372 0.492684405977117 1.9720893250997 0
363 120.328028763065 120.328028763065 0.492684405976871 1.97208950291649 0
364 122.312702783188 122.312702783188 0.492684405977071 1.97208968073278 0
365 124.305922252945 124.305922252945 0.492684405976908 1.97208985854947 0
366 126.306178501615 126.306178501615 0.492684405977041 1.97209003636584 0
367 128.315303613006 128.315303613006 0.492684405976933 1.97209021418247 0
368 130.331833130833 130.331833130833 0.492684405977021 1.97209039199889 0
369 132.355426466973 132.355426466973 0.49268440597695 1.97209056981548 0
370 134.384658682531 134.384658682531 0.492684405977007 1.97209074763193 0
371 136.421442592087 136.421442592087 0.49268440597696 1.97209092544849 0
372 138.464387148404 138.464387148404 0.492684405976998 1.97209110326497 0
373 140.512116128556 140.512116128556 0.492684405976967 1.97209128108151 0
374 142.566589882724 142.566589882724 0.492684405976993 1.972091458898 0
375 144.626460592138 144.626460592138 0.492684405976972 1.97209163671453 0
376 146.690396064172 146.690396064172 0.492684405976989 1.97209181453103 0
377 148.760391719683 148.760391719683 0.492684405976975 1.97209199234756 0
378 150.835138122378 150.835138122378 0.492684405976986 1.97209217016406 0
379 152.913337823508 152.913337823508 0.492684405976977 1.97209234798058 0
380 154.99701580533 154.99701580533 0.492684405976985 1.97209252579709 0
381 157.084893504153 157.084893504153 0.492684405976979 1.97209270361361 0
382 159.175703626854 159.175703626854 0.492684405976984 1.97209288143011 0
383 161.271493977041 161.271493977041 0.49268440597698 1.97209305924663 0
384 163.371012681553 163.371012681553 0.492684405976983 1.97209323706314 0
385 165.473017347955 165.473017347955 0.49268440597698 1.97209341487966 0
386 167.579574427498 167.579574427498 0.492684405976982 1.97209359269617 0
387 169.689454329786 169.689454329786 0.492684405976981 1.97209377051268 0
388 171.801436095334 171.801436095334 0.492684405976982 1.9720939483292 0
389 173.917600812258 173.917600812258 0.492684405976981 1.97209412614571 0
390 176.036738101807 176.036738101807 0.492684405976982 1.97209430396222 0
391 178.157645166358 178.157645166358 0.492684405976981 1.97209448177874 0
392 180.282414840732 180.282414840732 0.492684405976982 1.97209465959525 0
393 182.409853148345 182.409853148345 0.492684405976981 1.97209483741176 0
394 184.538772990404 184.538772990404 0.492684405976982 1.97209501522828 0
395 186.671276425888 186.671276425888 0.492684405976981 1.97209519304479 0
396 188.806183708454 188.806183708454 0.492684405976982 1.9720953708613 0
397 190.94232127891 190.94232127891 0.492684405976981 1.97209554867782 0
398 193.081798467516 193.081798467516 0.492684405976981 1.97209572649433 0
399 195.223447873886 195.223447873886 0.492684405976981 1.97209590431084 0
400 197.367198787989 197.367198787989 0.492684405976981 1.97209608212736 0
401 199.511893048191 199.511893048191 0.492684405976981 1.97209625994387 0
402 201.659647190547 201.659647190547 0.492684405976981 1.97209643776038 0
403 203.809307929528 203.809307929528 0.492684405976981 1.9720966155769 0
404 205.959727002129 205.959727002129 0.492684405976981 1.97209679339341 0
405 208.113024868332 208.113024868332 0.492684405976981 1.97209697120992 0
406 210.268057368765 210.268057368765 0.492684405976981 1.97209714902644 0
407 212.423684966251 212.423684966251 0.492684405976981 1.97209732684295 0
408 214.582031035375 214.582031035375 0.492684405976981 1.97209750465946 0
409 216.741959500221 216.741959500221 0.492684405976981 1.97209768247598 0
410 218.902338565306 218.902338565306 0.492684405976981 1.97209786029249 0
411 221.065293686818 221.065293686818 0.492684405976981 1.972098038109 0
412 223.229695990986 223.229695990986 0.492684405976981 1.97209821592552 0
413 225.394420581742 225.394420581742 0.492684405976981 1.97209839374203 0
414 227.561594314907 227.561594314907 0.492684405976981 1.97209857155854 0
415 229.730094764749 229.730094764749 0.492684405976981 1.97209874937506 0
416 231.898803215948 231.898803215948 0.492684405976981 1.97209892719157 0
417 234.069847362845 234.069847362845 0.492684405976981 1.97209910500808 0
418 236.24211058036 236.24211058036 0.492684405976981 1.9720992828246 0
419 238.414479716478 238.414479716478 0.492684405976981 1.97209946064111 0
420 240.589082842714 240.589082842714 0.492684405976981 1.97209963845762 0
421 242.764808576897 242.764808576897 0.492684405976981 1.97209981627414 0
422 244.940548795289 244.940548795289 0.492684405976981 1.97209999409065 0
423 247.118431569419 247.118431569419 0.492684405976981 1.97210017190716 0
424 249.297350274719 249.297350274719 0.492684405976981 1.97210034972368 0
425 251.476201355966 251.476201355966 0.492684405976981 1.97210052754019 0
426 253.657112570196 253.657112570196 0.492684405976981 1.9721007053567 0
427 255.838981630892 255.838981630892 0.492684405976981 1.97210088317322 0
428 258.020709148114 258.020709148114 0.492684405976981 1.97210106098973 0
429 260.204422310125 260.204422310125 0.492684405976981 1.97210123880624 0
430 262.389022799115 262.389022799115 0.492684405976981 1.97210141662276 0
431 264.57448863389 264.57448863389 0.492684405976981 1.97210159443927 0
432 266.759725439752 266.759725439752 0.492684405976981 1.97210177225578 0
433 268.946859328965 268.946859328965 0.492684405976981 1.97210195007229 0
434 271.134796777923 271.134796777923 0.492684405976981 1.97210212788881 0
435 273.322446821336 273.322446821336 0.492684405976981 1.97210230570532 0
436 275.511934573694 275.511934573694 0.492684405976981 1.97210248352183 0
437 277.702169785081 277.702169785081 0.492684405976981 1.97210266133835 0
438 279.89206463738 279.89206463738 0.492684405976981 1.97210283915486 0
439 282.083743120088 282.083743120088 0.492684405976981 1.97210301697137 0
440 284.276118013766 284.276118013766 0.492684405976981 1.97210319478789 0
441 286.468104414582 286.468104414582 0.492684405976981 1.9721033726044 0
442 288.661825085176 288.661825085176 0.492684405976981 1.97210355042091 0
443 290.856195620132 290.856195620132 0.492684405976981 1.97210372823743 0
444 293.05013382426 293.05013382426 0.492684405976981 1.97210390605394 0
445 295.245761150984 295.245761150984 0.492684405976981 1.97210408387045 0
446 297.441995815553 297.441995815553 0.492684405976981 1.97210426168697 0
447 299.637758147839 299.637758147839 0.492684405976981 1.97210443950348 0
448 301.835168227784 301.835168227784 0.492684405976981 1.97210461731999 0
449 304.033146718636 304.033146718636 0.492684405976981 1.97210479513651 0
450 306.230616309852 306.230616309852 0.492684405976981 1.97210497295302 0
451 308.429695658505 308.429695658505 0.492684405976981 1.97210515076953 0
452 310.62930772159 310.62930772159 0.492684405976981 1.97210532858605 0
453 312.8283773983 312.8283773983 0.492684405976981 1.97210550640256 0
454 315.029021886593 315.029021886593 0.492684405976981 1.97210568421907 0
455 317.23016629713 317.23016629713 0.492684405976981 1.97210586203559 0
456 319.430737604534 319.430737604534 0.492684405976981 1.9721060398521 0
457 321.632851521513 321.632851521513 0.492684405976981 1.97210621766861 0
458 323.835435185952 323.835435185952 0.492684405976981 1.97210639548513 0
459 326.037417525306 326.037417525306 0.492684405976981 1.97210657330164 0
460 328.240912750676 328.240912750676 0.492684405976981 1.97210675111815 0
461 330.44484991139 330.44484991139 0.492684405976981 1.97210692893467 0
462 332.649220223337 332.649220223337 0.492684405976981 1.97210710675118 0
463 334.852955050011 334.852955050011 0.492684405976981 1.97210728456769 0
464 337.058166582664 337.058166582664 0.492684405976981 1.97210746238421 0
465 339.263786259472 339.263786259472 0.492684405976981 1.97210764020072 0
466 341.468747154307 341.468747154307 0.492684405976981 1.97210781801723 0
467 343.67515994276 343.67515994276 0.492684405976981 1.97210799583375 0
468 345.881957744226 345.881957744226 0.492684405976981 1.97210817365026 0
469 348.088075253818 348.088075253818 0.492684405976981 1.97210835146677 0
470 350.295621634207 350.295621634207 0.492684405976981 1.97210852928329 0
471 352.503531600528 352.503531600528 0.492684405976981 1.9721087070998 0
472 354.710741388784 354.710741388784 0.492684405976981 1.97210888491631 0
473 356.919358653797 356.919358653797 0.492684405976981 1.97210906273283 0
474 359.128319628553 359.128319628553 0.492684405976981 1.97210924054934 0
475 361.336562015204 361.336562015204 0.492684405976981 1.97210941836585 0
476 363.546191971146 363.546191971146 0.492684405976981 1.97210959618237 0
477 365.756147175162 365.756147175162 0.492684405976981 1.97210977399888 0
478 367.965366725716 367.965366725716 0.492684405976981 1.97210995181539 0
479 370.175955295953 370.175955295953 0.492684405976981 1.97211012963191 0
480 372.386851943923 372.386851943923 0.492684405976981 1.97211030744842 0
481 374.596997100873 374.596997100873 0.492684405976981 1.97211048526493 0
482 376.808493970121 376.808493970121 0.492684405976981 1.97211066308145 0
483 379.020282927416 379.020282927416 0.492684405976981 1.97211084089796 0
484 381.231305678012 381.231305678012 0.492684405976981 1.97211101871447 0
485 383.443663972672 383.443663972672 0.492684405976981 1.97211119653099 0
486 385.656299447743 385.656299447743 0.492684405976981 1.9721113743475 0
487 387.868155026985 387.868155026985 0.492684405976981 1.97211155216401 0
488 390.081331027362 390.081331027362 0.492684405976981 1.97211172998053 0
489 392.294770292748 392.294770292748 0.492684405976981 1.97211190779704 0
490 394.508468392816 394.508468392816 0.492684405976981 1.97211208561355 0
491 396.721369795218 396.721369795218 0.492684405976981 1.97211226343007 0
492 398.935572937712 398.935572937712 0.492684405976981 1.97211244124658 0
493 401.150022196787 401.150022196787 0.492684405976981 1.97211261906309 0
494 403.363663147072 403.363663147072 0.492684405976981 1.97211279687961 0
495 405.578592838996 405.578592838996 0.492684405976981 1.97211297469612 0
496 407.79375674634 407.79375674634 0.492684405976981 1.97211315251263 0
497 410.008101505394 410.008101505394 0.492684405976981 1.97211333032915 0
498 412.22372280136 412.22372280136 0.492684405976981 1.97211350814566 0
499 414.439567163134 414.439567163134 0.492684405976981 1.97211368596217 0
500 416.654582248154 416.654582248154 0.492684405976981 1.97211386377869 0
501 418.87086239829 418.87086239829 0.492684405976981 1.9721140415952 0
502 421.087355158037 421.087355158037 0.492684405976981 1.97211421941171 0
503 423.303009168342 423.303009168342 0.492684405976981 1.97211439722823 0
504 425.519917448965 425.519917448965 0.492684405976981 1.97211457504474 0
505 427.737028524235 427.737028524235 0.492684405976981 1.97211475286125 0
506 429.953291981301 429.953291981301 0.492684405976981 1.97211493067777 0
507 432.17079954222 432.17079954222 0.492684405976981 1.97211510849428 0
508 434.38850067462 434.38850067462 0.492684405976981 1.97211528631079 0
509 436.605345879999 436.605345879999 0.492684405976981 1.97211546412731 0
510 438.823425603215 438.823425603215 0.492684405976981 1.97211564194382 0
511 441.041690223687 441.041690223687 0.492684405976981 1.97211581976033 0
512 443.259091125036 443.259091125036 0.492684405976981 1.97211599757684 0
513 445.477717498417 445.477717498417 0.492684405976981 1.97211617539336 0
514 447.696520603407 447.696520603407 0.492684405976981 1.97211635320987 0
515 449.914452675319 449.914452675319 0.492684405976981 1.97211653102638 0
516 452.133601675022 452.133601675022 0.492684405976981 1.9721167088429 0
517 454.362818318028 454.362818318028 0.492684412848682 1.97211688665941 0
518 456.599298210425 456.599298210425 0.492684433437637 1.97211706379971 0
519 458.829065843645 458.829065843645 0.492684467639448 1.97211723891651 0
520 461.033939385806 461.033939385806 0.492684515246117 1.97211741067792 0
521 463.198464988739 463.198464988739 0.492684575947626 1.9721175777776 0
522 465.306208052327 465.306208052327 0.492684649334298 1.97211773894467 0
523 467.344130307883 467.344130307883 0.492684734899914 1.97211789295343 0
524 469.296866826477 469.296866826477 0.492684832045566 1.97211803863262 0
525 471.1517201109 471.1517201109 0.492684940084213 1.97211817487441 0
526 472.894726001273 472.894726001273 0.492685058245916 1.97211830064276 0
527 474.515727625342 474.515727625342 0.492685185683689 1.97211841498136 0
528 476.00292291645 476.00292291645 0.492685321479952 1.97211851702089 0
529 477.347575156882 477.347575156882 0.492685464653511 1.97211860598561 0
530 478.540058845201 478.540058845201 0.492685614167027 1.97211868119932 0
531 479.572918352296 479.572918352296 0.492685768934909 1.97211874209045 0
532 480.440592432437 480.440592432437 0.492685927831578 1.97211878819643 0
533 481.136083349326 481.136083349326 0.492686089700033 1.97211881916723 0
534 481.655563031604 481.655563031604 0.492686253360654 1.972118834768 0
535 482.043707084449 482.043707084449 0.492686411482638 1.9721188355052 0
536 482.431987667608 482.431987667608 0.492686568455014 1.97211883490608 0
537 482.837441170709 482.837441170709 0.492686726361668 1.97211883539298 0
538 483.24690203263 483.24690203263 0.492686883509041 1.97211883499728 0
539 483.671486451068 483.671486451068 0.492687041273476 1.97211883531886 0
540 484.101819882047 484.101819882047 0.492687198536428 1.97211883505752 0
541 484.545544915091 484.545544915091 0.492687356206931 1.97211883526991 0
542 484.99632793518 484.99632793518 0.492687513546221 1.9721188350973 0
543 485.459341407496 485.459341407496 0.492687671154685 1.97211883523758 0
544 485.930255398106 485.930255398106 0.492687828544392 1.97211883512357 0
545 486.412613193667 486.412613193667 0.492687986111881 1.97211883521623 0
546 486.903406863905 486.903406863905 0.492688143534888 1.97211883514093 0
547 487.405103186369 487.405103186369 0.492688301075314 1.97211883520212 0
548 487.915568276284 487.915568276284 0.492688458520314 1.97211883515239 0
549 488.436335209652 488.436335209652 0.492688616042865 1.97211883519281 0
550 488.966510938019 488.966510938019 0.492688773502391 1.97211883515996 0
551 489.506501240982 489.506501240982 0.492688931013137 1.97211883518665 0
552 490.055994248401 490.055994248401 0.492689088482256 1.97211883516496 0
553 490.615111887083 490.615111887083 0.492689245985204 1.97211883518259 0
554 491.183767594533 491.183767594533 0.49268940346066 1.97211883516826 0
555 491.761902406953 491.761902406953 0.492689560958458 1.97211883517991 0
556 492.34957169323 492.34957169323 0.492689718438098 1.97211883517044 0
557 492.946603225842 492.946603225842 0.492689875932495 1.97211883517813 0
558 493.552957277753 493.552957277753 0.492690033414899 1.97211883517188 0
559 494.168939648973 494.168939648973 0.492690190907049 1.97211883517696 0
560 494.794023405641 494.794023405641 0.492690348391278 1.97211883517284 0
561 495.428631768441 495.428631768441 0.492690505881943 1.97211883517619 0
562 496.072299074565 496.072299074565 0.492690663367378 1.97211883517346 0
563 496.725394503286 496.725394503286 0.492690820857063 1.97211883517568 0
564 497.38749811353 497.38749811353 0.492690978343293 1.97211883517388 0
565 498.058937721984 498.058937721984 0.492691135832331 1.97211883517534 0
566 498.739328884969 498.739328884969 0.492691293319087 1.97211883517415 0
567 499.428966417871 499.428966417871 0.492691450807697 1.97211883517512 0
568 500.127494652154 500.127494652154 0.4926916082948 1.97211883517433 0
569 500.835044399651 500.835044399651 0.492691765783127 1.97211883517497 0
570 501.551693918805 501.551693918805 0.492691923270459 1.97211883517445 0
571 502.277148840349 502.277148840349 0.4926920807586 1.97211883517488 0
572 503.011620747281 503.011620747281 0.492692238246083 1.97211883517453 0
573 503.754826703994 503.754826703994 0.4926923957341 1.97211883517481 0
574 504.506965062373 504.506965062373 0.492692553221682 1.97211883517459 0
575 505.267765812042 505.267765812042 0.492692710709617 1.97211883517477 0
576 506.037412944594 506.037412944594 0.492692868197265 1.97211883517462 0
577 506.815650334692 506.815650334692 0.492693025685146 1.97211883517474 0
578 507.602547014689 507.602547014689 0.492693183172838 1.97211883517464 0
579 508.398161053774 508.398161053774 0.492693340660683 1.97211883517472 0
580 509.202254334117 509.202254334117 0.492693498148403 1.97211883517466 0
581 510.01497562824 510.01497562824 0.492693655636224 1.97211883517471 0
582 510.836103163274 510.836103163274 0.492693813123963 1.97211883517467 0
583 511.665768853793 511.665768853793 0.492693970611768 1.9721188351747 0
584 512.503766985407 512.503766985407 0.492694128099519 1.97211883517467 0
585 513.350212924648 513.350212924648 0.492694285587314 1.9721188351747 0
586 514.20491680299 514.20491680299 0.492694443075072 1.97211883517468 0
587 515.067977686751 515.067977686751 0.49269460056286 1.97211883517469 0
588 515.939221391371 515.939221391371 0.492694758050623 1.97211883517468 0
589 516.818674555109 516.818674555109 0.492694915538406 1.97211883517469 0
590 517.706347550159 517.706347550159 0.492695073026173 1.97211883517468 0
591 518.602089862987 518.602089862987 0.492695230513952 1.97211883517469 0
592 519.505960348503 519.505960348503 0.492695388001721 1.97211883517468 0
593 520.417823752215 520.417823752215 0.492695545489498 1.97211883517469 0
594 521.337723364893 521.337723364893 0.492695702977268 1.97211883517469 0
595 522.265539140785 522.265539140785 0.492695860465043 1.97211883517469 0
596 523.20129892014 523.20129892014 0.492696017952814 1.97211883517469 0
597 524.144897804782 524.144897804782 0.492696175440588 1.97211883517469 0
598 525.096326506258 525.096326506258 0.492696332928359 1.97211883517469 0
599 526.05556060268 526.05556060268 0.492696490416132 1.97211883517469 0
600 527.022517733104 527.022517733104 0.492696647903903 1.97211883517469 0
601 527.997187693088 527.997187693088 0.492696805391675 1.97211883517469 0
602 528.979503108583 528.979503108583 0.492696962879446 1.97211883517469 0
603 529.969438748396 529.969438748396 0.492697120367218 1.97211883517469 0
604 530.9669421387 530.9669421387 0.492697277854988 1.97211883517469 0
605 531.971973159334 531.971973159334 0.492697435342759 1.97211883517469 0
606 532.984494148864 532.984494148864 0.492697592830529 1.97211883517469 0
607 534.004450235584 534.004450235584 0.4926977503183 1.97211883517469 0
608 535.031818480343 535.031818480343 0.49269790780607 1.97211883517469 0
609 536.066548327905 536.066548327905 0.49269806529384 1.97211883517469 0
610 537.108574679187 537.108574679187 0.49269822278161 1.97211883517469 0
611 538.157896515391 538.157896515391 0.492698380269379 1.97211883517469 0
612 539.214422679564 539.214422679564 0.492698537757148 1.97211883517469 0
613 540.278166643654 540.278166643654 0.492698695244918 1.97211883517469 0
614 541.349022980274 541.349022980274 0.492698852732686 1.97211883517469 0
615 542.427019557429 542.427019557429 0.492699010220455 1.97211883517469 0
616 543.512036814275 543.512036814275 0.492699167708224 1.97211883517469 0
617 544.604116918327 544.604116918327 0.492699325195992 1.97211883517469 0
618 545.703177285372 545.703177285372 0.49269948268376 1.97211883517469 0
619 546.809121364482 546.809121364482 0.492699640171528 1.97211883517469 0
620 547.922012589959 547.922012589959 0.492699797659295 1.97211883517469 0
621 549.041696662859 549.041696662859 0.492699955147063 1.97211883517469 0
622 550.168251070536 550.168251070536 0.49270011263483 1.97211883517469 0
623 551.301507857139 551.301507857139 0.492700270122597 1.97211883517469 0
624 552.44155846148 552.44155846148 0.492700427610364 1.97211883517469 0
625 553.588221407417 553.588221407417 0.49270058509813 1.97211883517469 0
626 554.741601981702 554.741601981702 0.492700742585897 1.97211883517469 0
627 555.901505323344 555.901505323344 0.492700900073663 1.97211883517469 0
628 557.06805046349 557.06805046349 0.492701057561429 1.97211883517469 0
629 558.241117803527 558.241117803527 0.492701215049195 1.97211883517469 0
630 559.420574478364 559.420574478364 0.49270137253696 1.97211883517469 0
631 560.60655993946 560.60655993946 0.492701530024726 1.97211883517469 0
632 561.798846453016 561.798846453016 0.492701687512491 1.97211883517469 0
633 562.99758695033 562.99758695033 0.492701845000256 1.97211883517469 0
634 564.202540783859 564.202540783859 0.49270200248802 1.97211883517469 0
635 565.413874256006 565.413874256006 0.492702159975785 1.97211883517469 0
636 566.631333939668 566.631333939668 0.492702317463549 1.97211883517469 0
637 567.855099400358 567.855099400358 0.492702474951313 1.97211883517469 0
638 569.085022435313 569.085022435313 0.492702632439077 1.97211883517469 0
639 570.320942147913 570.320942147913 0.492702789926841 1.97211883517469 0
640 571.563057795199 571.563057795199 0.492702947414604 1.97211883517469 0
641 572.811084577457 572.811084577457 0.492703104902368 1.97211883517469 0
642 574.065234739763 574.065234739763 0.492703262390131 1.97211883517469 0
643 575.325211164071 575.325211164071 0.492703419877893 1.97211883517469 0
644 576.591238973956 576.591238973956 0.492703577365656 1.97211883517469 0
645 577.863008862678 577.863008862678 0.492703734853419 1.97211883517469 0
646 579.140758719566 579.140758719566 0.492703892341181 1.97211883517469 0
647 580.424167179942 580.424167179942 0.492704049828943 1.97211883517469 0
648 581.713484787391 581.713484787391 0.492704207316705 1.97211883517469 0
649 583.008530343513 583.008530343513 0.492704364804466 1.97211883517469 0
650 584.309110643671 584.309110643671 0.492704522292228 1.97211883517469 0
651 585.6154950041 585.6154950041 0.492704679779989 1.97211883517469 0
652 586.927332472007 586.927332472007 0.49270483726775 1.97211883517469 0
653 588.244904736891 588.244904736891 0.492704994755511 1.97211883517469 0
654 589.567849232559 589.567849232559 0.492705152243271 1.97211883517469 0
655 590.896459909027 590.896459909027 0.492705309731031 1.97211883517469 0
656 592.230362712607 592.230362712607 0.492705467218792 1.97211883517469 0
657 593.569863741466 593.569863741466 0.492705624706552 1.97211883517469 0
658 594.914756328604 594.914756328604 0.492705782194311 1.97211883517469 0
659 596.264822351968 596.264822351968 0.492705939682071 1.97211883517469 0
660 597.620385921025 597.620385921025 0.49270609716983 1.97211883517469 0
661 598.98104480169 598.98104480169 0.492706254657589 1.97211883517469 0
662 600.347134967837 600.347134967837 0.492706412145348 1.97211883517469 0
663 601.718243127609 601.718243127609 0.492706569633107 1.97211883517469 0
664 603.094717008668 603.094717008668 0.492706727120865 1.97211883517469 0
665 604.476132381334 604.476132381334 0.492706884608624 1.97211883517469 0
666 605.862848611294 605.862848611294 0.492707042096382 1.97211883517469 0
667 607.254430653547 607.254430653547 0.492707199584139 1.97211883517469 0
668 608.651249399505 608.651249399505 0.492707357071897 1.97211883517469 0
669 610.053068819214 610.053068819214 0.492707514559655 1.97211883517469 0
670 611.459642076259 611.459642076259 0.492707672047412 1.97211883517469 0
671 612.871357142997 612.871357142997 0.492707829535169 1.97211883517469 0
672 614.287752445656 614.287752445656 0.492707987022926 1.97211883517469 0
673 615.709227201601 615.709227201601 0.492708144510682 1.97211883517469 0
674 617.135309430358 617.135309430358 0.492708301998439 1.97211883517469 0
675 618.566409482652 618.566409482652 0.492708459486195 1.97211883517469 0
676 620.002045085799 620.002045085799 0.492708616973951 1.97211883517469 0
677 621.442637613785 621.442637613785 0.492708774461707 1.97211883517469 0
678 622.887928370812 622.887928370812 0.492708931949462 1.97211883517469 0
679 624.337648369534 624.337648369534 0.492709089437217 1.97211883517469 0
680 625.792235311227 625.792235311227 0.492709246924973 1.97211883517469 0
681 627.25118168392 627.25118168392 0.492709404412728 1.97211883517469 0
682 628.714935933761 628.714935933761 0.492709561900482 1.97211883517469 0
683 630.182980649283 630.182980649283 0.492709719388237 1.97211883517469 0
684 631.655774913564 631.655774913564 0.492709876875991 1.97211883517469 0
685 633.132791522606 633.132791522606 0.492710034363745 1.97211883517469 0
686 634.614500086586 634.614500086586 0.492710191851499 1.97211883517469 0
687 636.100363720892 636.100363720892 0.492710349339253 1.97211883517469 0
688 637.590862453136 637.590862453136 0.492710506827006 1.97211883517469 0
689 639.085711445513 639.085711445513 0.49271066431476 1.97211883517469 0
690 640.584616167698 640.584616167698 0.492710821802513 1.97211883517469 0
691 642.088072074381 642.088072074381 0.492710979290266 1.97211883517469 0
692 643.595518538824 643.595518538824 0.492711136778018 1.97211883517469 0
693 645.107461164388 645.107461164388 0.492711294265771 1.97211883517469 0
694 646.623330014617 646.623330014617 0.492711451753523 1.97211883517469 0
695 648.143640734388 648.143640734388 0.492711609241275 1.97211883517469 0
696 649.66781417842 649.66781417842 0.492711766729027 1.97211883517469 0
697 651.196375928711 651.196375928711 0.492711924216779 1.97211883517469 0
698 652.729020957063 652.729020957063 0.49271208170453 1.97211883517469 0
699 654.265435007948 654.265435007948 0.492712239192281 1.97211883517469 0
700 655.806158373503 655.806158373503 0.492712396680032 1.97211883517469 0
701 657.350589330675 657.350589330675 0.492712554167783 1.97211883517469 0
702 658.899277845976 658.899277845976 0.492712711655534 1.97211883517469 0
703 660.451613340749 660.451613340749 0.492712869143284 1.97211883517469 0
704 662.008155354214 662.008155354214 0.492713026631034 1.97211883517469 0
705 663.568284549644 663.568284549644 0.492713184118784 1.97211883517469 0
706 665.132569936133 665.132569936133 0.492713341606534 1.97211883517469 0
707 666.700383515847 666.700383515847 0.492713499094283 1.97211883517469 0
708 668.272303667007 668.272303667007 0.492713656582033 1.97211883517469 0
709 669.848002048778 669.848002048778 0.492713814069782 1.97211883517469 0
710 671.427141639548 671.427141639548 0.492713971557531 1.97211883517469 0
711 673.010314683353 673.010314683353 0.492714129045279 1.97211883517469 0
712 674.596871944519 674.596871944519 0.492714286533028 1.97211883517469 0
713 676.187414785887 676.187414785887 0.492714444020776 1.97211883517469 0
714 677.781285643249 677.781285643249 0.492714601508524 1.97211883517469 0
715 679.379094897873 679.379094897873 0.492714758996272 1.97211883517469 0
716 680.980176748056 680.980176748056 0.49271491648402 1.97211883517469 0
717 682.585150495804 682.585150495804 0.492715073971767 1.97211883517469 0
718 684.193669778301 684.193669778301 0.492715231459515 1.97211883517469 0
719 685.805379969654 685.805379969654 0.492715388947262 1.97211883517469 0
720 687.42091357524 687.42091357524 0.492715546435008 1.97211883517469 0
721 689.039584594462 689.039584594462 0.492715703922755 1.97211883517469 0
722 690.662034211315 690.662034211315 0.492715861410501 1.97211883517469 0
723 692.287568503137 692.287568503137 0.492716018898248 1.97211883517469 0
724 693.916837240113 693.916837240113 0.492716176385994 1.97211883517469 0
725 695.549138662904 695.549138662904 0.49271633387374 1.97211883517469 0
726 697.185131033884 697.185131033884 0.492716491361485 1.97211883517469 0
727 698.756866778511 698.756866778511 0.49271664884923 1.97211882741584 0
728 700.191664821931 700.191664821931 0.492716805738068 1.97211880416884 0
729 701.480289868251 701.480289868251 0.492716960834738 1.97211876555155 0
730 702.61260387281 702.61260387281 0.492717112959624 1.97211871179882 0
731 703.582396591194 703.582396591194 0.492717260955724 1.97211864326069 0
732 704.38228054001 704.38228054001 0.492717403697458 1.97211856039972 0
733 705.005730367855 705.005730367855 0.492717540099237 1.97211846378748 0
734 705.451007542056 705.451007542056 0.492717669123722 1.97211835410021 0
735 705.713173438954 705.713173438954 0.492717789789719 1.97211823211363 0
736 705.791821254346 705.791821254346 0.492717901179647 1.97211809869709 0
737 705.684817126445 705.684817126445 0.492718002446523 1.97211795480692 0
738 705.395046209932 705.395046209932 0.492718092820406 1.97211780147915 0
739 704.923011074664 704.923011074664 0.492718171614256 1.97211763982166 0
740 704.273322645273 704.273322645273 0.492718238229166 1.9721174710057 0
741 703.450206634448 703.450206634448 0.492718292158917 1.97211729625703 0
742 702.45844678736 702.45844678736 0.49271833299383 1.97211711684653 0
743 701.306511576511 701.306511576511 0.49271836042389 1.97211693408057 0
744 700.000488372111 700.000488372111 0.492718374241097 1.97211674929108 0
745 698.571967159854 698.571967159854 0.492718374894019 1.97211657075526 0
746 697.1388749847 697.1388749847 0.492718374363394 1.97211639351747 0
747 695.716998161941 695.716998161941 0.492718374794629 1.97211621522479 0
748 694.292907257021 694.292907257021 0.492718374444168 1.97211603778941 0
749 692.879410632859 692.879410632859 0.492718374728985 1.9721158596573 0
750 691.464936801263 691.464936801263 0.492718374497516 1.97211568209142 0
751 690.058313012669 690.058313012669 0.492718374685629 1.97211550406537 0
752 688.654237866106 688.654237866106 0.492718374532751 1.9721153264133 0
753 687.255875722236 687.255875722236 0.492718374656994 1.9721151484573 0
754 685.860070180473 685.860070180473 0.492718374556023 1.9721149707483 0
755 684.471262039296 684.471262039296 0.492718374638081 1.97211479283856 0
756 683.08469604976 683.08469604976 0.492718374571393 1.97211461509196 0
757 681.703660741887 681.703660741887 0.49271837462559 1.97211443721279 0
758 680.327348700051 680.327348700051 0.492718374581544 1.97211425944135 0
759 678.955278676668 678.955278676668 0.49271837461734 1.97211408158236 0
760 677.587265704739 677.587265704739 0.492718374588249 1.97211390379452 0
761 676.224325320403 676.224325320403 0.492718374611891 1.97211372594885 0
762 674.866677395901 674.866677395901 0.492718374592677 1.97211354815019 0
763 673.513011958482 673.513011958482 0.492718374608292 1.97211337031332 0
764 672.163822257974 672.163822257974 0.492718374595602 1.9721131925075 0
765 670.820560270328 670.820560270328 0.492718374605915 1.97211301467645 0
766 669.480919145735 669.480919145735 0.492718374597534 1.9721128368659 0
767 668.146206136127 668.146206136127 0.492718374604345 1.97211265903869 0
768 666.817204645232 666.817204645232 0.49271837459881 1.97211248122503 0
769 665.492157049712 665.492157049712 0.492718374603308 1.97211230340035 0
770 664.171927085152 664.171927085152 0.492718374599652 1.97211212558462 0
771 662.857652206747 662.857652206747 0.492718374602624 1.97211194776162 0
772 661.547292361005 661.547292361005 0.492718374600209 1.97211176994453 0
773 660.241944271726 660.241944271726 0.492718374602171 1.97211159212264 0
774 658.942548974666 658.942548974666 0.492718374600576 1.97211141430465 0
775 657.647231841105 657.647231841105 0.492718374601873 1.97211123648349 0
776 656.356958371737 656.356958371737 0.492718374600819 1.97211105866491 0
777 655.072769187978 655.072769187978 0.492718374601675 1.97211088084423 0
778 653.7927144513 653.7927144513 0.49271837460098 1.97211070302525 0
779 652.517824216098 652.517824216098 0.492718374601545 1.97211052520489 0
780 651.249079221542 651.249079221542 0.492718374601085 1.97211034738566 0
781 649.984584242749 649.984584242749 0.492718374601459 1.97211016956551 0
782 648.725328353407 648.725328353407 0.492718374601155 1.9721099917461 0
783 647.472318003491 647.472318003491 0.492718374601402 1.97210981392609 0
784 646.223643090411 646.223643090411 0.492718374601202 1.97210963610657 0
785 644.980308281838 644.980308281838 0.492718374601364 1.97210945828666 0
786 643.743299477834 643.743299477834 0.492718374601232 1.97210928046706 0
787 642.510729447709 642.510729447709 0.49271837460134 1.97210910264721 0
788 641.283587803792 641.283587803792 0.492718374601252 1.97210892482756 0
789 640.062864569359 640.062864569359 0.492718374601323 1.97210874700775 0
790 638.846675444848 638.846675444848 0.492718374601265 1.97210856918807 0
791 637.636011258966 637.636011258966 0.492718374601312 1.97210839136828 0
792 636.430901902975 636.430901902975 0.492718374601274 1.97210821354858 0
793 635.232329390552 635.232329390552 0.492718374601305 1.97210803572881 0
794 634.03842451038 634.03842451038 0.49271837460128 1.9721078579091 0
795 632.850170702351 632.850170702351 0.492718374601301 1.97210768008933 0
796 631.668543036064 631.668543036064 0.492718374601284 1.97210750226961 0
797 630.491684524739 630.491684524739 0.492718374601297 1.97210732444986 0
798 629.32057238862 629.32057238862 0.492718374601286 1.97210714663013 0
799 628.156177739963 628.156177739963 0.492718374601295 1.97210696881038 0
800 626.996653513517 626.996653513517 0.492718374601288 1.97210679099065 0
801 625.842972634378 625.842972634378 0.492718374601294 1.97210661317091 0
802 624.696100410841 624.696100410841 0.492718374601289 1.97210643535117 0
803 623.55420132693 623.55420132693 0.492718374601293 1.97210625753143 0
804 622.418242737212 622.418242737212 0.49271837460129 1.97210607971169 0
805 621.289184892722 621.289184892722 0.492718374601292 1.97210590189195 0
806 620.165203347866 620.165203347866 0.49271837460129 1.97210572407221 0
807 619.047260324435 619.047260324435 0.492718374601292 1.97210554625247 0
808 617.936310362945 617.936310362945 0.492718374601291 1.97210536843274 0
809 616.830540747704 616.830540747704 0.492718374601292 1.972105190613 0
810 615.730908078021 615.730908078021 0.492718374601291 1.97210501279326 0
811 614.638361280053 614.638361280053 0.492718374601292 1.97210483497352 0
812 613.551099414388 613.551099414388 0.492718374601291 1.97210465715378 0
813 612.470073466156 612.470073466156 0.492718374601292 1.97210447933404 0
814 611.396226432414 611.396226432414 0.492718374601291 1.9721043015143 0
815 610.327769532634 610.327769532634 0.492718374601291 1.97210412369456 0
816 609.265647869944 609.265647869944 0.492718374601291 1.97210394587482 0
817 608.210798414221 608.210798414221 0.492718374601291 1.97210376805508 0
818 607.161444749166 607.161444749166 0.492718374601291 1.97210359023534 0
819 606.118525973415 606.118525973415 0.492718374601291 1.9721034124156 0
820 605.08207535432 605.08207535432 0.492718374601291 1.97210323459586 0
821 604.053021505135 604.053021505135 0.492718374601291 1.97210305677613 0
822 603.029604951043 603.029604951043 0.492718374601291 1.97210287895639 0
823 602.012756475336 602.012756475336 0.492718374601291 1.97210270113665 0
824 601.003398206246 601.003398206246 0.492718374601291 1.97210252331691 0
825 599.999783697369 599.999783697369 0.492718374601291 1.97210234549717 0
826 599.002837280384 599.002837280384 0.492718374601291 1.97210216767743 0
827 598.013474422802 598.013474422802 0.492718374601291 1.97210198985769 0
828 597.029961974872 597.029961974872 0.492718374601291 1.97210181203795 0
829 596.053217634716 596.053217634716 0.492718374601291 1.97210163421821 0
830 595.084150014713 595.084150014713 0.492718374601291 1.97210145639847 0
831 594.121039542602 594.121039542602 0.492718374601291 1.97210127857873 0
832 593.164797091536 593.164797091536 0.492718374601291 1.97210110075899 0
833 592.216324226494 592.216324226494 0.492718374601291 1.97210092293926 0
834 591.273915231612 591.273915231612 0.492718374601291 1.97210074511952 0
835 590.338473961759 590.338473961759 0.492718374601291 1.97210056729978 0
836 589.410894739336 589.410894739336 0.492718374601291 1.97210038948004 0
837 588.489485985524 588.489485985524 0.492718374601291 1.9721002116603 0
838 587.575144340682 587.575144340682 0.492718374601291 1.97210003384056 0
839 586.668756686173 586.668756686173 0.492718374601291 1.97209985602082 0
840 585.768645862386 585.768645862386 0.492718374601291 1.97209967820108 0
841 584.875701095666 584.875701095666 0.492718374601291 1.97209950038134 0
842 583.990801626939 583.990801626939 0.492718374601291 1.9720993225616 0
843 583.112284997384 583.112284997384 0.492718374601291 1.97209914474186 0
844 582.241032818884 582.241032818884 0.492718374601291 1.97209896692212 0
845 581.377916486644 581.377916486644 0.492718374601291 1.97209878910239 0
846 580.521288529085 580.521288529085 0.492718374601291 1.97209861128265 0
847 579.672022738382 579.672022738382 0.492718374601291 1.97209843346291 0
848 578.83098245901 578.83098245901 0.492718374601291 1.97209825564317 0
849 577.996535490448 577.996535490448 0.492718374601291 1.97209807782343 0
850 577.169547599901 577.169547599901 0.492718374601291 1.97209790000369 0
851 576.35005089666 576.35005089666 0.492718374601291 1.97209772218395 0
852 575.538897666138 575.538897666138 0.492718374601291 1.97209754436421 0
853 574.734476513212 574.734476513212 0.492718374601291 1.97209736654447 0
854 573.93764218176 573.93764218176 0.492718374601291 1.97209718872473 0
855 573.149238419513 573.149238419513 0.492718374601291 1.97209701090499 0
856 572.367669768341 572.367669768341 0.492718374601291 1.97209683308525 0
857 571.593782458475 571.593782458475 0.492718374601291 1.97209665526552 0
858 570.828411489221 570.828411489221 0.492718374601291 1.97209647744578 0
859 570.069977623589 570.069977623589 0.492718374601291 1.97209629962604 0
860 569.319318367451 569.319318367451 0.492718374601291 1.9720961218063 0
861 568.577259759375 568.577259759375 0.492718374601291 1.97209594398656 0
862 567.84223906802 567.84223906802 0.492718374601291 1.97209576616682 0
863 567.115084862114 567.115084862114 0.492718374601291 1.97209558834708 0
864 566.396614007445 566.396614007445 0.492718374601291 1.97209541052734 0
865 565.685280561143 565.685280561143 0.492718374601291 1.9720952327076 0
866 564.98190394279 564.98190394279 0.492718374601291 1.97209505488786 0
867 564.287291630666 564.287291630666 0.492718374601291 1.97209487706812 0
868 563.599914754526 563.599914754526 0.492718374601291 1.97209469924838 0
869 562.920583370137 562.920583370137 0.492718374601291 1.97209452142865 0
870 562.250095355717 562.250095355717 0.492718374601291 1.97209434360891 0
