1 866.025403784439 866.025403784439 0.492655379504086 1.97232035252787 0
2 866.025403784439 866.025403784439 0.492655379504086 1.97232035252787 0
3 866.025403784439 866.025403784439 0.492655379504086 1.97232035252787 0
4 866.025403784439 866.025403784439 0.492655379504086 1.97232035252787 0
5 866.025403784439 866.025403784439 0.492655379504086 1.97232035252787 0
6 866.025403784439 866.025403784439 0.492655379504086 1.97232035252787 0
7 866.025403784439 866.025403784439 0.492655379504086 1.97232035252787 0
8 866.025403784439 866.025403784439 0.492655379504086 1.97232035252787 0
9 866.025403784439 866.025403784439 0.492655379504086 1.97232035252787 0
10 866.025403784439 866.025403784439 0.492655379504086 1.97232035252787 0
11 866.025403784439 866.025403784439 0.492655379504086 1.97232035252787 0
12 866.025403784439 866.025403784439 0.492655379504086 1.97232035252787 0
13 866.025403784439 866.025403784439 0.492655379504086 1.97232035252787 0
14 866.025403784439 866.025403784439 0.492655379504086 1.97232035252787 0
15 866.025403784439 866.025403784439 0.492655379504086 1.97232035252787 0
16 866.025403784439 866.025403784439 0.492655379504086 1.97232035252787 0
17 866.025403784439 866.025403784439 0.492655379504086 1.97232035252787 0
18 866.025403784439 866.025403784439 0.492655379504086 1.97232035252787 0
19 866.025403784439 866.025403784439 0.492655379504086 1.97232035252787 0
20 866.025403784439 866.025403784439 0.492655379504086 1.97232035252787 0
21 866.025409528051 866.025409528051 0.492655379504086 1.97232035252787 0
22 866.02549619349 866.02549619349 0.492655379504086 1.97232035252787 0
23 866.025871317227 866.025871317227 0.492655379504086 1.97232035252787 0
24 866.026882328084 866.026882328084 0.492655379504086 1.97232035252787 0
25 866.029012705807 866.029012705807 0.492655379504086 1.97232035252787 0
26 866.032884278805 866.032884278805 0.492655379504086 1.97232035252787 0
27 866.039262969384 866.039262969384 0.492655379504086 1.97232035252787 0
28 866.049051989582 866.049051989582 0.492655379504086 1.97232035252787 0
29 866.063283487285 866.063283487285 0.492655379504086 1.97232035252787 0
30 866.083131926321 866.083131926321 0.492655379504086 1.97232035252787 0
31 866.108537231731 866.108537231731 0.492655379504086 1.97232035252787 0
32 866.138561653679 866.138561653679 0.492655379504086 1.97232035252787 0
33 866.173184240448 866.173184240448 0.492655379504086 1.97232035252787 0
34 866.212442822452 866.212442822452 0.492655379504086 1.97232035252787 0
35 866.256318859062 866.256318859062 0.492655379504086 1.97232035252787 0
36 866.304783504907 866.304783504907 0.492655379504086 1.97232035252787 0
37 866.357889715373 866.357889715373 0.492655379504086 1.97232035252787 0
38 866.415611055385 866.415611055385 0.492655379504086 1.97232035252787 0
39 866.477910790435 866.477910790435 0.492655379504086 1.97232035252787 0
40 866.544856993742 866.544856993742 0.492655379504086 1.97232035252787 0
41 866.616415340058 866.616415340058 0.492655379504086 1.97232035252787 0
42 866.692584687013 866.692584687013 0.492655379504086 1.97232035252787 0
43 866.773317790091 866.773317790091 0.492655379504086 1.97232035252787 0
44 866.858702865758 866.858702865758 0.492655379504086 1.97232035252787 0
45 866.948695076956 866.948695076956 0.492655379504086 1.97232035252787 0
46 867.043239305513 867.043239305513 0.492655379504086 1.97232035252787 0
47 867.142438861081 867.142438861081 0.492655379504086 1.97232035252787 0
48 867.246241031337 867.246241031337 0.492655379504086 1.97232035252787 0
49 867.354582833156 867.354582833156 0.492655379504086 1.97232035252787 0
50 867.467582655445 867.467582655445 0.492655379504086 1.97232035252787 0
51 867.58517991905 867.58517991905 0.492655379504086 1.97232035252787 0
52 867.707303785924 867.707303785924 0.492655379504086 1.97232035252787 0
53 867.834087708167 867.834087708167 0.492655379504086 1.97232035252787 0
54 867.965463249511 867.965463249511 0.492655379504086 1.97232035252787 0
55 868.10135172819 868.10135172819 0.492655379504086 1.97232035252787 0
56 868.241901641551 868.241901641551 0.492655379504086 1.97232035252787 0
57 868.387036707132 868.387036707132 0.492655379504086 1.97232035252787 0
58 868.536670411817 868.536670411817 0.492655379504086 1.97232035252787 0
59 868.690966278248 868.690966278248 0.492655379504086 1.97232035252787 0
60 868.849840189921 868.849840189921 0.492655379504086 1.97232035252787 0
61 869.013197816005 869.013197816005 0.492655379504086 1.97232035252787 0
62 869.181217682441 869.181217682441 0.492655379504086 1.97232035252787 0
63 869.353807852027 869.353807852027 0.492655379504086 1.97232035252787 0
64 869.530866191068 869.530866191068 0.492655379504086 1.97232035252787 0
65 869.712586204907 869.712586204907 0.492655379504086 1.97232035252787 0
66 869.898868150206 869.898868150206 0.492655379504086 1.97232035252787 0
67 870.089602106342 870.089602106342 0.492655379504086 1.97232035252787 0
68 870.284996532221 870.284996532221 0.492655379504086 1.97232035252787 0
69 870.484943894111 870.484943894111 0.492655379504086 1.97232035252787 0
70 870.689326501627 870.689326501627 0.492655379504086 1.97232035252787 0
71 870.89836773944 870.89836773944 0.492655379504086 1.97232035252787 0
72 871.111952300334 871.111952300334 0.492655379504086 1.97232035252787 0
73 871.330076843419 871.330076843419 0.492655379504086 1.97232035252787 0
74 871.552613346628 871.552613346628 0.492655379504086 1.97232035252787 0
75 871.779805050198 871.779805050198 0.492655379504086 1.97232035252787 0
76 872.011526309992 872.011526309992 0.492655379504086 1.97232035252787 0
77 872.247641378954 872.247641378954 0.492655379504086 1.97232035252787 0
78 872.488408350711 872.488408350711 0.492655379504086 1.97232035252787 0
79 872.73369385159 872.73369385159 0.492655379504086 1.97232035252787 0
80 872.983354430292 872.983354430292 0.492655379504086 1.97232035252787 0
81 873.237662999785 873.237662999785 0.492655379504086 1.97232035252787 0
82 873.496478477588 873.496478477588 0.492655379504086 1.97232035252787 0
83 873.759649730233 873.759649730233 0.492655379504086 1.97232035252787 0
84 874.027464454055 874.027464454055 0.492655379504086 1.97232035252787 0
85 874.299773879642 874.299773879642 0.492655379504086 1.97232035252787 0
86 874.576419214436 874.576419214436 0.492655379504086 1.97232035252787 0
87 874.857702900328 874.857702900328 0.492655379504086 1.97232035252787 0
88 875.143468503952 875.143468503952 0.492655379504086 1.97232035252787 0
89 875.43354959799 875.43354959799 0.492655379504086 1.97232035252787 0
90 875.728263330127 875.728263330127 0.492655379504086 1.97232035252787 0
91 876.027445627099 876.027445627099 0.492655379504086 1.97232035252787 0
92 876.330922452068 876.330922452068 0.492655379504086 1.97232035252787 0
93 876.639025617261 876.639025617261 0.492655379504086 1.97232035252787 0
94 876.951583434423 876.951583434423 0.492655379504086 1.97232035252787 0
95 877.268414283568 877.268414283568 0.492655379504086 1.97232035252787 0
96 877.589864598317 877.589864598317 0.492655379504086 1.97232035252787 0
97 878.001565361123 878.001565361123 0.492655379504086 1.97232035252787 0
98 878.586181011559 878.586181011559 0.492655379504086 1.97232035252787 0
99 879.339422981461 879.339422981461 0.492655379504086 1.97232035252787 0
100 880.254221291226 880.254221291226 0.492655379504086 1.97232035252787 0
101 881.324740624126 881.324740624126 0.492655379504086 1.97232035252787 0
102 882.540229681722 882.540229681722 0.492655379504086 1.97232035252787 0
103 883.893163965417 883.893163965417 0.492655379504086 1.97232035252787 0
104 885.370958727548 885.370958727548 0.492655379504086 1.97232035252787 0
105 886.963139493827 886.963139493827 0.492655379504086 1.97232035252787 0
106 888.655371698785 888.655371698785 0.492655379504086 1.97232035252787 0
107 890.434909100709 890.434909100709 0.492655379504086 1.97232035252787 0
108 892.288854478683 892.288854478683 0.492655379504086 1.97232035252787 0
109 894.200912500602 894.200912500602 0.492655379504086 1.97232035252787 0
110 896.156796304764 896.156796304764 0.492655379504086 1.97232035252787 0
111 898.142710687912 898.142710687912 0.492655379504086 1.97232035252787 0
112 900.141299624268 900.141299624268 0.492655379504086 1.97232035252787 0
113 902.13860777249 902.13860777249 0.492655379504086 1.97232035252787 0
114 904.119410446875 904.119410446875 0.492655379504086 1.97232035252787 0
115 906.086490639686 906.086490639686 0.492655379504086 1.97232035252787 0
116 908.053514991537 908.053514991537 0.492655379504086 1.97232035252787 0
117 910.020684717415 910.020684717415 0.492655379504086 1.97232035252787 0
118 911.98703352455 911.98703352455 0.492655379504086 1.97232035252787 0
119 913.954491110502 913.954491110502 0.492655379504086 1.97232035252787 0
120 915.921125780862 915.921125780862 0.492655379504086 1.97232035252787 0
121 917.888867532116 917.888867532116 0.492655379504086 1.97232035252787 0
122 919.856750031729 919.856750031729 0.492655379504086 1.97232035252787 0
123 921.823806682324 921.823806682324 0.492655379504086 1.97232035252787 0
124 923.791967917783 923.791967917783 0.492655379504086 1.97232035252787 0
125 925.760267221826 925.760267221826 0.492655379504086 1.97232035252787 0
126 927.727737814666 927.727737814666 0.492655379504086 1.97232035252787 0
127 929.696310558974 929.696310558974 0.492655379504086 1.97232035252787 0
128 931.664052726547 931.664052726547 0.492655379504086 1.97232035252787 0
129 933.632895458763 933.632895458763 0.492655379504086 1.97232035252787 0
130 935.601871938255 935.601871938255 0.492655379504086 1.97232035252787 0
131 937.57001509594 937.57001509594 0.492655379504086 1.97232035252787 0
132 939.539256486905 939.539256486905 0.492655379504086 1.97232035252787 0
133 941.508629119785 941.508629119785 0.492655379504086 1.97232035252787 0
134 943.477165751285 943.477165751285 0.492655379504086 1.97232035252787 0
135 945.446798348318 945.446798348318 0.492655379504086 1.97232035252787 0
136 947.415593192164 947.415593192164 0.492655379504086 1.97232035252787 0
137 949.385482516629 949.385482516629 0.492655379504086 1.97232035252787 0
138 951.35549904304 951.35549904304 0.492655379504086 1.97232035252787 0
139 953.324675245919 953.324675245919 0.492655379504086 1.97232035252787 0
140 955.294943753057 955.294943753057 0.492655379504086 1.97232035252787 0
141 957.265337113653 957.265337113653 0.492655379504086 1.97232035252787 0
142 959.234887643121 959.234887643121 0.492655379504086 1.97232035252787 0
143 961.205528350822 961.205528350822 0.492655379504086 1.97232035252787 0
144 963.175324586198 963.175324586198 0.492655379504086 1.97232035252787 0
145 965.14620961587 965.14620961587 0.492655379504086 1.97232035252787 0
146 967.117215715928 967.117215715928 0.492655379504086 1.97232035252787 0
147 969.087374930871 969.087374930871 0.492655379504086 1.97232035252787 0
148 971.05862090297 971.05862090297 0.492655379504086 1.97232035252787 0
149 973.029985746199 973.029985746199 0.492655379504086 1.97232035252787 0
150 975.000501350772 975.000501350772 0.492655379504086 1.97232035252787 0
151 976.97210172391 976.97210172391 0.492655379504086 1.97232035252787 0
152 978.942851320626 978.942851320626 0.492655379504086 1.97232035252787 0
153 980.914684388025 980.914684388025 0.492655379504086 1.97232035252787 0
154 982.886632779202 982.886632779202 0.492655379504086 1.97232035252787 0
155 984.857728130166 984.857728130166 0.492655379504086 1.97232035252787 0
156 986.829905042911 986.829905042911 0.492655379504086 1.97232035252787 0
157 988.802195220465 988.802195220465 0.492655379504086 1.97232035252787 0
158 990.773630145269 990.773630145269 0.492655379504086 1.97232035252787 0
159 992.746144770115 992.746144770115 0.492655379504086 1.97232035252787 0
160 994.717802696533 994.717802696533 0.492655379504086 1.97232035252787 0
161 996.69053910801 996.69053910801 0.492655379504086 1.97232035252787 0
162 998.66338545576 998.66338545576 0.492655379504086 1.97232035252787 0
163 1000.63537297668 1000.63537297668 0.492655379504086 1.97232035252787 0
164 1002.60843719572 1002.60843719572 0.492655379504086 1.97232035252787 0
165 1004.58160941336 1004.58160941336 0.492655379504086 1.97232035252787 0
166 1006.55392072803 1006.55392072803 0.492655379504086 1.97232035252787 0
167 1008.52730699261 1008.52730699261 0.492655379504086 1.97232035252787 0
168 1010.49983099366 1010.49983099366 0.492655379504086 1.97232035252787 0
169 1012.47342880755 1012.47342880755 0.492655379504086 1.97232035252787 0
170 1014.44713149258 1014.44713149258 0.492655379504086 1.97232035252787 0
171 1016.41996991338 1016.41996991338 0.492655379504086 1.97232035252787 0
172 1018.39388046803 1018.39388046803 0.492655379504086 1.97232035252787 0
173 1020.3678940766 1020.3678940766 0.492655379504086 1.97232035252787 0
174 1022.34104146525 1022.34104146525 0.492655379504086 1.97232035252787 0
175 1024.31525934923 1024.31525934923 0.492655379504086 1.97232035252787 0
176 1026.28860973395 1026.28860973395 0.492655379504086 1.97232035252787 0
177 1028.26302954052 1028.26302954052 0.492655379504086 1.97232035252787 0
178 1030.23754946331 1030.23754946331 0.492655379504086 1.97232035252787 0
179 1032.21120000457 1032.21120000457 0.492655379504086 1.97232035252787 0
180 1034.18591839332 1034.18591839332 0.492655379504086 1.97232035252787 0
181 1036.16073518675 1036.16073518675 0.492655379504086 1.97232035252787 0
182 1038.13468075689 1038.13468075689 0.492655379504086 1.97232035252787 0
183 1040.10969263401 1040.10969263401 0.492655379504086 1.97232035252787 0
184 1042.08383208148 1042.08383208148 0.492655379504086 1.97232035252787 0
185 1044.05903683075 1044.05903683075 0.492655379504086 1.97232035252787 0
186 1046.03433722298 1046.03433722298 0.492655379504086 1.97232035252787 0
187 1048.00876340833 1048.00876340833 0.492655379504086 1.97232035252787 0
188 1049.98425341449 1049.98425341449 0.492655379504086 1.97232035252787 0
189 1051.95886805599 1051.95886805599 0.492655379504086 1.97232035252787 0
190 1053.93454554857 1053.93454554857 0.492655379504086 1.97232035252787 0
191 1055.91031601826 1055.91031601826 0.492655379504086 1.97232035252787 0
192 1057.88520941129 1057.88520941129 0.492655379504086 1.97232035252787 0
193 1059.86116423371 1059.86116423371 0.492655379504086 1.97232035252787 0
194 1061.83721047972 1061.83721047972 0.492655379504086 1.97232035252787 0
195 1063.8123779753 1063.8123779753 0.492655379504086 1.97232035252787 0
196 1065.78860550577 1065.78860550577 0.492655379504086 1.97232035252787 0
197 1067.76395318888 1067.76395318888 0.492655379504086 1.97232035252787 0
198 1069.74035999551 1069.74035999551 0.492655379504086 1.97232035252787 0
199 1071.71685571853 1071.71685571853 0.492655379504086 1.97232035252787 0
200 1073.69246997991 1073.69246997991 0.492655379504086 1.97232035252787 0
201 1075.66914202189 1075.66914202189 0.492655379504086 1.97232035252787 0
202 1077.64590151809 1077.64590151809 0.492655379504086 1.97232035252787 0
203 1079.62177797527 1079.62177797527 0.492655379504086 1.97232035252787 0
204 1081.59871090118 1081.59871090118 0.492655379504086 1.97232035252787 0
205 1083.57475975112 1083.57475975112 0.492655379504086 1.97232035252787 0
206 1085.55186421268 1085.55186421268 0.492655379504086 1.97232035252787 0
207 1087.52905376039 1087.52905376039 0.492655379504086 1.97232035252787 0
208 1089.50535770885 1089.50535770885 0.492655379504086 1.97232035252787 0
209 1091.48271600623 1091.48271600623 0.492655379504086 1.97232035252787 0
210 1093.460158009 1093.460158009 0.492655379504086 1.97232035252787 0
211 1095.43671292007 1095.43671292007 0.492655379504086 1.97232035252787 0
212 1097.41432094136 1097.41432094136 0.492655379504086 1.97232035252787 0
213 1099.39104089467 1099.39104089467 0.492655379504086 1.97232035252787 0
214 1101.36881314791 1101.36881314791 0.492655379504086 1.97232035252787 0
215 1103.34666687628 1103.34666687628 0.492655379504086 1.97232035252787 0
216 1105.32363109455 1105.32363109455 0.492655379504086 1.97232035252787 0
217 1107.30164642106 1107.30164642106 0.492655379504086 1.97232035252787 0
218 1109.27974191889 1109.27974191889 0.492655379504086 1.97232035252787 0
219 1111.25694649558 1111.25694649558 0.492655379504086 1.97232035252787 0
220 1113.23520101833 1113.23520101833 0.492655379504086 1.97232035252787 0
221 1115.21256369184 1115.21256369184 0.492655379504086 1.97232035252787 0
222 1117.1909755482 1117.1909755482 0.492655379504086 1.97232035252787 0
223 1119.16946546565 1119.16946546565 0.492655379504086 1.97232035252787 0
224 1121.14706217335 1121.14706217335 0.492655379504086 1.97232035252787 0
225 1123.12570693703 1123.12570693703 0.492655379504086 1.97232035252787 0
226 1125.10442853333 1125.10442853333 0.492655379504086 1.97232035252787 0
227 1127.08225558356 1127.08225558356 0.492655379504086 1.97232035252787 0
228 1129.06112958936 1129.06112958936 0.492655379504086 1.97232035252787 0
229 1131.03910817669 1131.03910817669 0.492655379504086 1.97232035252787 0
230 1133.0181330003 1133.0181330003 0.492655379504086 1.97232035252787 0
231 1134.99723265793 1134.99723265793 0.492655379504086 1.97232035252787 0
232 1136.97543560686 1136.97543560686 0.492655379504086 1.97232035252787 0
233 1138.95468373154 1138.95468373154 0.492655379504086 1.97232035252787 0
234 1140.93400552489 1140.93400552489 0.492655379504086 1.97232035252787 0
235 1142.91242934534 1142.91242934534 0.492655379504086 1.97232035252787 0
236 1144.89189729967 1144.89189729967 0.492655379504086 1.97232035252787 0
237 1146.87046645371 1146.87046645371 0.492655379504086 1.97232035252787 0
238 1148.85007906092 1148.85007906092 0.492655379504086 1.97232035252787 0
239 1150.82976345072 1150.82976345072 0.492655379504086 1.97232035252787 0
240 1152.80854781795 1152.80854781795 0.492655379504086 1.97232035252787 0
241 1154.78837463373 1154.78837463373 0.492655379504086 1.97232035252787 0
242 1156.76827213162 1156.76827213162 0.492655379504086 1.97232035252787 0
243 1158.74726840771 1158.74726840771 0.492655379504086 1.97232035252787 0
244 1160.72730615358 1160.72730615358 0.492655379504086 1.97232035252787 0
245 1162.70644188979 1162.70644188979 0.492655379504086 1.97232035252787 0
246 1164.68661844971 1164.68661844971 0.492655379504086 1.97232035252787 0
247 1166.66686390613 1166.66686390613 0.492655379504086 1.97232035252787 0
248 1168.64620619534 1168.64620619534 0.492655379504086 1.97232035252787 0
249 1170.62658836063 1170.62658836063 0.492655379504086 1.97232035252787 0
250 1172.60703837775 1172.60703837775 0.492655379504086 1.97232035252787 0
251 1174.5865840916 1174.5865840916 0.492655379504086 1.97232035252787 0
252 1176.56716875092 1176.56716875092 0.492655379504086 1.97232035252787 0
253 1178.54684836327 1178.54684836327 0.492655379504086 1.97232035252787 0
254 1180.52756631339 1180.52756631339 0.492655379504086 1.97232035252787 0
255 1182.50835042241 1182.50835042241 0.492655379504086 1.97232035252787 0
256 1184.48822838385 1184.48822838385 0.492655379504086 1.97232035252787 0
257 1186.46914378509 1186.46914378509 0.492655379504086 1.97232035252787 0
258 1188.45012435505 1188.45012435505 0.492655379504086 1.97232035252787 0
259 1190.43019770057 1190.43019770057 0.492655379504086 1.97232035252787 0
260 1192.41130760741 1192.41130760741 0.492655379504086 1.97232035252787 0
261 1194.39150957903 1194.39150957903 0.492655379504086 1.97232035252787 0
262 1196.37274753542 1196.37274753542 0.492655379504086 1.97232035252787 0
263 1198.35404905543 1198.35404905543 0.492655379504086 1.97232035252787 0
264 1200.33444160145 1200.33444160145 0.492655379504086 1.97232035252787 0
265 1202.31586927815 1202.31586927815 0.492655379504086 1.97232035252787 0
266 1204.29735958299 1204.29735958299 0.492655379504086 1.97232035252787 0
267 1206.27793988882 1206.27793988882 0.492655379504086 1.97232035252787 0
268 1208.25955449201 1208.25955449201 0.492655379504086 1.97232035252787 0
269 1210.24025842459 1210.24025842459 0.492655379504086 1.97232035252787 0
270 1212.22199610951 1212.22199610951 0.492655379504086 1.97232035252787 0
271 1214.20379490098 1214.20379490098 0.492655379504086 1.97232035252787 0
272 1216.18468202656 1216.18468202656 0.492655379504086 1.97232035252787 0
273 1218.16660210112 1218.16660210112 0.492655379504086 1.97232035252787 0
274 1220.14858238954 1220.14858238954 0.492655379504086 1.97232035252787 0
275 1222.1296500417 1222.1296500417 0.492655379504086 1.97232035252787 0
276 1224.11174985047 1224.11174985047 0.492655379504086 1.97232035252787 0
277 1226.09293638587 1226.09293638587 0.492655379504086 1.97232035252787 0
278 1228.07515456247 1228.07515456247 0.492655379504086 1.97232035252787 0
279 1230.0574315047 1230.0574315047 0.492655379504086 1.97232035252787 0
280 1232.03879423094 1232.03879423094 0.492655379504086 1.97232035252787 0
281 1234.02118783298 1234.02118783298 0.492655379504086 1.97232035252787 0
282 1236.00363935647 1236.00363935647 0.492655379504086 1.97232035252787 0
283 1237.98517573889 1237.98517573889 0.492655379504086 1.97232035252787 0
284 1239.96774224913 1239.96774224913 0.492655379504086 1.97232035252787 0
285 1241.94939300873 1241.94939300873 0.492655379504086 1.97232035252787 0
286 1243.93207340236 1243.93207340236 0.492655379504086 1.97232035252787 0
287 1245.9148103452 1245.9148103452 0.492655379504086 1.97232035252787 0
288 1247.8966306444 1247.8966306444 0.492655379504086 1.97232035252787 0
289 1249.87947985255 1249.87947985255 0.492655379504086 1.97232035252787 0
290 1251.86238480526 1251.86238480526 0.492655379504086 1.97232035252787 0
291 1253.84437223413 1253.84437223413 0.492655379504086 1.97232035252787 0
292 1255.82738785963 1255.82738785963 0.492655379504086 1.97232035252787 0
293 1257.80948538229 1257.80948538229 0.492655379504086 1.97232035252787 0
294 1259.79261063641 1259.79261063641 0.492655379504086 1.97232035252787 0
295 1261.77579033316 1261.77579033316 0.492655379504086 1.97232035252787 0
296 1263.75805107105 1263.75805107105 0.492655379504086 1.97232035252787 0
297 1265.74133885196 1265.74133885196 0.492655379504086 1.97232035252787 0
298 1267.72370711738 1267.72370711738 0.492655379504086 1.97232035252787 0
299 1269.70710197297 1269.70710197297 0.492655379504086 1.97232035252787 0
300 1271.69055000459 1271.69055000459 0.492655379504086 1.97232035252787 0
301 1273.67307769037 1273.67307769037 0.492655379504086 1.97232035252787 0
302 1275.65663130208 1275.65663130208 0.492655379504086 1.97232035252787 0
303 1277.64023734681 1277.64023734681 0.492655379504086 1.97232035252787 0
304 1279.62292223398 1279.62292223398 0.492655379504086 1.97232035252787 0
305 1281.60663239301 1281.60663239301 0.492655379504086 1.97232035252787 0
306 1283.58942085944 1283.58942085944 0.492655379504086 1.97232035252787 0
307 1285.56005821792 1285.56005821792 0.492655379504086 1.97232035252787 0
308 1287.49198524166 1287.49198524166 0.492655379504086 1.97232035252787 0
309 1289.373172018 1289.373172018 0.492655379504086 1.97232035252787 0
310 1291.18844045449 1291.18844045449 0.492655379504086 1.97232035252787 0
311 1292.92433643777 1292.92433643777 0.492655379504086 1.97232035252787 0
312 1294.569106046 1294.569106046 0.492655379504086 1.97232035252787 0
313 1296.1083780508 1296.1083780508 0.492655379504086 1.97232035252787 0
314 1297.53307244472 1297.53307244472 0.492655379504086 1.97232035252787 0
315 1298.83090732204 1298.83090732204 0.492655379504086 1.97232035252787 0
316 1299.993755412 1299.993755412 0.492655379504086 1.97232035252787 0
317 1301.01288448958 1301.01288448958 0.492655379504086 1.97232035252787 0
318 1301.88009113589 1301.88009113589 0.492655379504086 1.97232035252787 0
319 1302.58946556068 1302.58946556068 0.492655379504086 1.97232035252787 0
320 1303.13613305781 1303.13613305781 0.492655379504086 1.97232035252787 0
321 1303.51696409347 1303.51696409347 0.492655379504086 1.97232035252787 0
322 1303.72790159917 1303.72790159917 0.492655379504086 1.97232035252787 0
323 1303.76687507576 1303.76687507576 0.492655379504086 1.97232035252787 0
324 1303.6353811808 1303.6353811808 0.492655379504086 1.97232035252787 0
325 1303.41997586941 1303.41997586941 0.492655379504086 1.97232035252787 0
326 1303.20674674441 1303.20674674441 0.492655379504086 1.97232035252787 0
327 1302.99643459739 1302.99643459739 0.492655379504086 1.97232035252787 0
328 1302.78915993733 1302.78915993733 0.492655379504086 1.97232035252787 0
329 1302.58503652262 1302.58503652262 0.492655379504086 1.97232035252787 0
330 1302.38383948131 1302.38383948131 0.492655379504086 1.97232035252787 0
331 1302.18568421508 1302.18568421508 0.492655379504086 1.97232035252787 0
332 1301.9906793653 1301.9906793653 0.492655379504086 1.97232035252787 0
333 1301.79861010799 1301.79861010799 0.492655379504086 1.97232035252787 0
334 1301.60958672981 1301.60958672981 0.492655379504086 1.97232035252787 0
335 1301.42371274804 1301.42371274804 0.492655379504086 1.97232035252787 0
336 1301.24078339973 1301.24078339973 0.492655379504086 1.97232035252787 0
337 1301.06090384941 1301.06090384941 0.492655379504086 1.97232035252787 0
338 1300.88407536219 1300.88407536219 0.492655379504086 1.97232035252787 0
339 1300.71039461193 1300.71039461193 0.492655379504086 1.97232035252787 0
340 1300.53967027093 1300.53967027093 0.492655379504086 1.97232035252787 0
341 1300.37200066285 1300.37200066285 0.492655379504086 1.97232035252787 0
342 1300.20747732182 1300.20747732182 0.492655379504086 1.97232035252787 0
343 1300.04591900982 1300.04591900982 0.492655379504086 1.97232035252787 0
344 1299.8874189125 1299.8874189125 0.492655379504086 1.97232035252787 0
345 1299.73206341817 1299.73206341817 0.492655379504086 1.97232035252787 0
346 1299.57968138965 1299.57968138965 0.492655379504086 1.97232035252787 0
347 1299.43036086835 1299.43036086835 0.492655379504086 1.97232035252787 0
348 1299.28418309114 1299.28418309114 0.492655379504086 1.97232035252787 0
349 1299.14098703214 1299.14098703214 0.492655379504086 1.97232035252787 0
350 1299.00085558278 1299.00085558278 0.492655379504086 1.97232035252787 0
351 1298.86386482282 1298.86386482282 0.492655379504086 1.97232035252787 0
352 1298.72986384794 1298.72986384794 0.492655379504086 1.97232035252787 0
353 1298.59893039389 1298.59893039389 0.492655379504086 1.97232035252787 0
354 1298.47113537832 1298.47113537832 0.492655379504086 1.97232035252787 0
355 1298.34633802773 1298.34633802773 0.492655379504086 1.97232035252787 0
356 1298.22461091709 1298.22461091709 0.492655379504086 1.97232035252787 0
357 1298.10601979716 1298.10601979716 0.492655379504086 1.97232035252787 0
358 1297.99043403397 1297.99043403397 0.492655379504086 1.97232035252787 0
359 1297.87792103693 1297.87792103693 0.492655379504086 1.97232035252787 0
360 1297.76854138541 1297.76854138541 0.492655379504086 1.97232035252787 0
361 1297.66217459316 1297.66217459316 0.492655379504086 1.97232035252787 0
362 1297.55888289948 1297.55888289948 0.492655379504086 1.97232035252787 0
363 1297.4587217083 1297.4587217083 0.492655379504086 1.97232035252787 0
364 1297.36158068859 1297.36158068859 0.492655379504086 1.97232035252787 0
365 1297.26751690534 1297.26751690534 0.492655379504086 1.97232035252787 0
366 1297.17658058332 1297.17658058332 0.492655379504086 1.97232035252787 0
367 1297.08867155365 1297.08867155365 0.492655379504086 1.97232035252787 0
368 1297.00384170311 1297.00384170311 0.492655379504086 1.97232035252787 0
369 1296.92209163584 1296.92209163584 0.492655379504086 1.97232035252787 0
370 1296.84346466571 1296.84346466571 0.492655379504086 1.97232035252787 0
371 1296.76787418344 1296.76787418344 0.492655379504086 1.97232035252787 0
372 1296.69536516595 1296.69536516595 0.492655379504086 1.97232035252787 0
373 1296.62597574056 1296.62597574056 0.492655379504086 1.97232035252787 0
374 1296.55962947369 1296.55962947369 0.492655379504086 1.97232035252787 0
375 1296.49636615654 1296.49636615654 0.492655379504086 1.97232035252787 0
376 1296.43621872734 1296.43621872734 0.492655379504086 1.97232035252787 0
377 1296.37912093299 1296.37912093299 0.492655379504086 1.97232035252787 0
378 1296.32510737628 1296.32510737628 0.492655379504086 1.97232035252787 0
379 1296.27420580414 1296.27420580414 0.492655379504086 1.97232035252787 0
380 1296.22636014806 1296.22636014806 0.492655379504086 1.97232035252787 0
381 1296.18159982011 1296.18159982011 0.492655379504086 1.97232035252787 0
382 1296.13994737404 1296.13994737404 0.492655379504086 1.97232035252787 0
383 1296.10135692943 1296.10135692943 0.492655379504086 1.97232035252787 0
384 1296.06585270567 1296.06585270567 0.492655379504086 1.97232035252787 0
385 1296.03345206178 1296.03345206178 0.492655379504086 1.97232035252787 0
386 1296.00411930833 1296.00411930833 0.492655379504086 1.97232035252787 0
387 1295.97787347037 1295.97787347037 0.492655379504086 1.97232035252787 0
388 1295.95472671101 1295.95472671101 0.492655379504086 1.97232035252787 0
389 1295.93465353409 1295.93465353409 0.492655379504086 1.97232035252787 0
390 1295.91766776899 1295.91766776899 0.492655379504086 1.97232035252787 0
391 1295.90377638213 1295.90377638213 0.492655379504086 1.97232035252787 0
392 1295.89296407214 1295.89296407214 0.492655379504086 1.97232035252787 0
393 1295.88523947188 1295.88523947188 0.492655379504086 1.97232035252787 0
394 1295.88060435056 1295.88060435056 0.492655379504086 1.97232035252787 0
395 1295.87905360257 1295.87905360257 0.492655379504086 1.97232035252787 0
396 1295.88059066368 1295.88059066368 0.492655379504086 1.97232035252787 0
397 1295.88521210577 1295.88521210577 0.492655379504086 1.97232035252787 0
398 1295.8929230193 1295.8929230193 0.492655379504086 1.97232035252787 0
399 1295.90372164272 1295.90372164272 0.492655379504086 1.97232035252787 0
400 1295.9176078988 1295.9176078988 0.492655379504086 1.97232035252787 0
401 1295.93457142974 1295.93457142974 0.492655379504086 1.97232035252787 0
402 1295.95463092082 1295.95463092082 0.492655379504086 1.97232035252787 0
403 1295.97777768064 1295.97777768064 0.492655379504086 1.97232035252787 0
404 1296.00399615511 1296.00399615511 0.492655379504086 1.97232035252787 0
405 1296.03331522388 1296.03331522388 0.492655379504086 1.97232035252787 0
406 1296.06572099904 1296.06572099904 0.492655379504086 1.97232035252787 0
407 1296.1011927313 1296.1011927313 0.492655379504086 1.97232035252787 0
408 1296.13976949284 1296.13976949284 0.492655379504086 1.97232035252787 0
409 1296.1814322002 1296.1814322002 0.492655379504086 1.97232035252787 0
410 1296.22615491029 1296.22615491029 0.492655379504086 1.97232035252787 0
411 1296.27398688535 1296.27398688535 0.492655379504086 1.97232035252787 0
412 1296.32490384771 1296.32490384771 0.492655379504086 1.97232035252787 0
413 1296.37887466216 1296.37887466216 0.492655379504086 1.97232035252787 0
414 1296.43595877799 1296.43595877799 0.492655379504086 1.97232035252787 0
415 1296.49612672489 1296.49612672489 0.492655379504086 1.97232035252787 0
416 1296.5593421777 1296.5593421777 0.492655379504086 1.97232035252787 0
417 1296.62567476897 1296.62567476897 0.492655379504086 1.97232035252787 0
418 1296.69508983782 1296.69508983782 0.492655379504086 1.97232035252787 0
419 1296.7675458715 1296.7675458715 0.492655379504086 1.97232035252787 0
420 1296.84312268154 1296.84312268154 0.492655379504086 1.97232035252787 0
421 1296.9217804188 1296.9217804188 0.492655379504086 1.97232035252787 0
422 1297.00347238572 1297.00347238572 0.492655379504086 1.97232035252787 0
423 1297.08828856784 1297.08828856784 0.492655379504086 1.97232035252787 0
424 1297.17618393044 1297.17618393044 0.492655379504086 1.97232035252787 0
425 1297.26710659434 1297.26710659434 0.492655379504086 1.97232035252787 0
426 1297.36115671338 1297.36115671338 0.492655379504086 1.97232035252787 0
427 1297.45828407038 1297.45828407038 0.492655379504086 1.97232035252787 0
428 1297.55843160797 1297.55843160797 0.492655379504086 1.97232035252787 0
429 1297.66170964208 1297.66170964208 0.492655379504086 1.97232035252787 0
430 1297.76806277642 1297.76806277642 0.492655379504086 1.97232035252787 0
431 1297.87749025495 1297.87749025495 0.492655379504086 1.97232035252787 0
432 1297.98992812186 1297.98992812186 0.492655379504086 1.97232035252787 0
433 1298.10550023236 1298.10550023236 0.492655379504086 1.97232035252787 0
434 1298.22414429013 1298.22414429013 0.492655379504086 1.97232035252787 0
435 1298.3457911707 1298.3457911707 0.492655379504086 1.97232035252787 0
436 1298.47057487425 1298.47057487425 0.492655379504086 1.97232035252787 0
437 1298.59842793465 1298.59842793465 0.492655379504086 1.97232035252787 0
438 1298.72927606335 1298.72927606335 0.492655379504086 1.97232035252787 0
439 1298.86326339727 1298.86326339727 0.492655379504086 1.97232035252787 0
440 1299.00031730494 1299.00031730494 0.492655379504086 1.97232035252787 0
441 1299.14035833864 1299.14035833864 0.492655379504086 1.97232035252787 0
442 1299.28354076315 1299.28354076315 0.492655379504086 1.97232035252787 0
443 1299.42978678649 1299.42978678649 0.492655379504086 1.97232035252787 0
444 1299.57901180714 1299.57901180714 0.492655379504086 1.97232035252787 0
445 1299.73138020812 1299.73138020812 0.492655379504086 1.97232035252787 0
446 1299.88680904209 1299.88680904209 0.492655379504086 1.97232035252787 0
447 1300.04520855947 1300.04520855947 0.492655379504086 1.97232035252787 0
448 1300.20675325128 1300.20675325128 0.492655379504086 1.97232035252787 0
449 1300.37135502039 1300.37135502039 0.492655379504086 1.97232035252787 0
450 1300.53891897512 1300.53891897512 0.492655379504086 1.97232035252787 0
451 1300.70962970367 1300.70962970367 0.492655379504086 1.97232035252787 0
452 1300.88339396507 1300.88339396507 0.492655379504086 1.97232035252787 0
453 1301.06011173178 1301.06011173178 0.492655379504086 1.97232035252787 0
454 1301.2399776778 1301.2399776778 0.492655379504086 1.97232035252787 0
455 1301.42289342453 1301.42289342453 0.492655379504086 1.97232035252787 0
456 1301.60875381519 1301.60875381519 0.492655379504086 1.97232035252787 0
457 1301.7977635976 1301.7977635976 0.492655379504086 1.97232035252787 0
458 1301.98981926208 1301.98981926208 0.492655379504086 1.97232035252787 0
459 1302.18481052951 1302.18481052951 0.492655379504086 1.97232035252787 0
460 1302.38295220896 1302.38295220896 0.492655379504086 1.97232035252787 0
461 1302.58413566652 1302.58413566652 0.492655379504086 1.97232035252787 0
462 1302.78835949299 1302.78835949299 0.492655379504086 1.97232035252787 0
463 1302.99550659074 1302.99550659074 0.492655379504086 1.97232035252787 0
464 1303.2058051635 1303.2058051635 0.492655379504086 1.97232035252787 0
465 1303.41913975616 1303.41913975616 0.492655379504086 1.97232035252787 0
466 1303.63538816625 1303.63538816625 0.492655379504086 1.97232035252787 0
467 1303.85478862702 1303.85478862702 0.492655379504086 1.97232035252787 0
468 1304.07722057646 1304.07722057646 0.492655379504086 1.97232035252787 0
469 1304.30255671527 1304.30255671527 0.492655379504086 1.97232035252787 0
470 1304.53104529164 1304.53104529164 0.492655379504086 1.97232035252787 0
471 1304.76256064458 1304.76256064458 0.492655379504086 1.97232035252787 0
472 1304.99697038648 1304.99697038648 0.492655379504086 1.97232035252787 0
473 1305.23453276509 1305.23453276509 0.492655379504086 1.97232035252787 0
474 1305.47511702875 1305.47511702875 0.492655379504086 1.97232035252787 0
475 1305.71858571024 1305.71858571024 0.492655379504086 1.97232035252787 0
476 1305.96520704118 1305.96520704118 0.492655379504086 1.97232035252787 0
477 1306.21484518779 1306.21484518779 0.492655379504086 1.97232035252787 0
478 1306.46735761218 1306.46735761218 0.492655379504086 1.97232035252787 0
479 1306.72302251353 1306.72302251353 0.492655379504086 1.97232035252787 0
480 1306.98169898485 1306.98169898485 0.492655379504086 1.97232035252787 0
481 1307.2432394269 1307.2432394269 0.492655379504086 1.97232035252787 0
482 1307.50793198943 1307.50793198943 0.492655379504086 1.97232035252787 0
483 1307.77563070145 1307.77563070145 0.492655379504086 1.97232035252787 0
484 1308.04618291203 1308.04618291203 0.492655379504086 1.97232035252787 0
485 1308.31988670405 1308.31988670405 0.492655379504086 1.97232035252787 0
486 1308.59659105205 1308.59659105205 0.492655379504086 1.97232035252787 0
487 1308.87613826319 1308.87613826319 0.492655379504086 1.97232035252787 0
488 1309.15883633552 1309.15883633552 0.492655379504086 1.97232035252787 0
489 1309.44452919892 1309.44452919892 0.492655379504086 1.97232035252787 0
490 1309.73321489376 1309.73321489376 0.492655379504086 1.97232035252787 0
491 1310.02472901995 1310.02472901995 0.492655379504086 1.97232035252787 0
492 1310.31939276765 1310.31939276765 0.492655379504086 1.97232035252787 0
493 1310.61704335582 1310.61704335582 0.492655379504086 1.97232035252787 0
494 1310.91751136708 1310.91751136708 0.492655379504086 1.97232035252787 0
495 1311.22112786241 1311.22112786241 0.492655379504086 1.97232035252787 0
496 1311.52772504018 1311.52772504018 0.492655379504086 1.97232035252787 0
497 1311.83712847625 1311.83712847625 0.492655379504086 1.97232035252787 0
498 1312.14967908272 1312.14967908272 0.492655379504086 1.97232035252787 0
499 1312.46520404816 1312.46520404816 0.492655379504086 1.97232035252787 0
500 1312.78352395283 1312.78352395283 0.492655379504086 1.97232035252787 0
501 1313.10498953956 1313.10498953956 0.492655379504086 1.97232035252787 0
502 1313.42942299818 1313.42942299818 0.492655379504086 1.97232035252787 0
503 1313.75663992494 1313.75663992494 0.492655379504086 1.97232035252787 0
504 1314.08700087223 1314.08700087223 0.492655379504086 1.97232035252787 0
505 1314.42032304283 1314.42032304283 0.492655379504086 1.97232035252787 0
506 1314.75641706034 1314.75641706034 0.492655379504086 1.97232035252787 0
507 1315.09565326569 1315.09565326569 0.492655379504086 1.97232035252787 0
508 1315.43784388591 1315.43784388591 0.492655379504086 1.97232035252787 0
509 1315.7827945843 1315.7827945843 0.492655379504086 1.97232035252787 0
510 1316.13088546799 1316.13088546799 0.492655379504086 1.97232035252787 0
511 1316.48192380045 1316.48192380045 0.492655379504086 1.97232035252787 0
512 1316.83571029685 1316.83571029685 0.492655379504086 1.97232035252787 0
513 1317.19263480821 1317.19263480821 0.492655379504086 1.97232035252787 0
514 1317.55249964654 1317.55249964654 0.492655379504086 1.97232035252787 0
515 1317.91510059131 1317.91510059131 0.492655379504086 1.97232035252787 0
516 1318.28083721463 1318.28083721463 0.492655379504086 1.97232035252787 0
517 1318.56324570927 1318.56324570927 0.492655379504086 1.97232035252787 0
518 1318.67483742949 1318.67483742949 0.492655379504086 1.97232035252787 0
519 1318.61531993333 1318.61531993333 0.492655379504086 1.97232035252787 0
520 1318.38445224322 1318.38445224322 0.492655379504086 1.97232035252787 0
521 1317.98520802591 1317.98520802591 0.492655379504086 1.97232035252787 0
522 1317.41854722662 1317.41854722662 0.492655379504086 1.97232035252787 0
523 1316.6905927062 1316.6905927062 0.492655379504086 1.97232035252787 0
524 1315.80429339461 1315.80429339461 0.492655379504086 1.97232035252787 0
525 1314.76852423404 1314.76852423404 0.492655379504086 1.97232035252787 0
526 1313.58921444522 1313.58921444522 0.492655379504086 1.97232035252787 0
527 1312.27579262635 1312.27579262635 0.492655379504086 1.97232035252787 0
528 1310.83647839432 1310.83647839432 0.492655379504086 1.97232035252787 0
529 1309.28376229422 1309.28376229422 0.492655379504086 1.97232035252787 0
530 1307.62820734213 1307.62820734213 0.492655379504086 1.97232035252787 0
531 1305.88179315898 1305.88179315898 0.492655379504086 1.97232035252787 0
532 1304.05697201131 1304.05697201131 0.492655379504086 1.97232035252787 0
533 1302.16866536549 1302.16866536549 0.492655379504086 1.97232035252787 0
534 1300.229854954 1300.229854954 0.492655379504086 1.97232035252787 0
535 1298.27166750934 1298.27166750934 0.492655379504086 1.97232035252787 0
536 1296.31434346449 1296.31434346449 0.492655379504086 1.97232035252787 0
537 1294.35618743686 1294.35618743686 0.492655379504086 1.97232035252787 0
538 1292.39816093041 1292.39816093041 0.492655379504086 1.97232035252787 0
539 1290.44122519474 1290.44122519474 0.492655379504086 1.97232035252787 0
540 1288.48345943618 1288.48345943618 0.492655379504086 1.97232035252787 0
541 1286.52678551031 1286.52678551031 0.492655379504086 1.97232035252787 0
542 1284.5692828828 1284.5692828828 0.492655379504086 1.97232035252787 0
543 1282.61287316555 1282.61287316555 0.492655379504086 1.97232035252787 0
544 1280.65563608722 1280.65563608722 0.492655379504086 1.97232035252787 0
545 1278.699493004 1278.699493004 0.492655379504086 1.97232035252787 0
546 1276.7425239174 1276.7425239174 0.492655379504086 1.97232035252787 0
547 1274.78664992682 1274.78664992682 0.492655379504086 1.97232035252787 0
548 1272.82995130668 1272.82995130668 0.492655379504086 1.97232035252787 0
549 1270.87338888717 1270.87338888717 0.492655379504086 1.97232035252787 0
550 1268.9179232436 1268.9179232436 0.492655379504086 1.97232035252787 0
551 1266.96163505786 1266.96163505786 0.492655379504086 1.97232035252787 0
552 1265.00644478144 1265.00644478144 0.492655379504086 1.97232035252787 0
553 1263.05043337806 1263.05043337806 0.492655379504086 1.97232035252787 0
554 1261.09552103421 1261.09552103421 0.492655379504086 1.97232035252787 0
555 1259.13978899559 1259.13978899559 0.492655379504086 1.97232035252787 0
556 1257.18515717882 1257.18515717882 0.492655379504086 1.97232035252787 0
557 1255.22970711551 1255.22970711551 0.492655379504086 1.97232035252787 0
558 1253.27439906656 1253.27439906656 0.492655379504086 1.97232035252787 0
559 1251.32019301458 1251.32019301458 0.492655379504086 1.97232035252787 0
560 1249.3651709227 1249.3651709227 0.492655379504086 1.97232035252787 0
561 1247.41125203122 1247.41125203122 0.492655379504086 1.97232035252787 0
562 1245.45651859108 1245.45651859108 0.492655379504086 1.97232035252787 0
563 1243.50288956773 1243.50288956773 0.492655379504086 1.97232035252787 0
564 1241.54844750638 1241.54844750638 0.492655379504086 1.97232035252787 0
565 1239.59511109869 1239.59511109869 0.492655379504086 1.97232035252787 0
566 1237.64096317844 1237.64096317844 0.492655379504086 1.97232035252787 0
567 1235.68792216095 1235.68792216095 0.492655379504086 1.97232035252787 0
568 1233.73407118239 1233.73407118239 0.492655379504086 1.97232035252787 0
569 1231.78036977005 1231.78036977005 0.492655379504086 1.97232035252787 0
570 1229.82777716089 1229.82777716089 0.492655379504086 1.97232035252787 0
571 1227.87437694838 1227.87437694838 0.492655379504086 1.97232035252787 0
572 1225.92208683136 1225.92208683136 0.492655379504086 1.97232035252787 0
573 1223.9689907057 1223.9689907057 0.492655379504086 1.97232035252787 0
574 1222.01700598219 1222.01700598219 0.492655379504086 1.97232035252787 0
575 1220.06421686693 1220.06421686693 0.492655379504086 1.97232035252787 0
576 1218.11254047506 1218.11254047506 0.492655379504086 1.97232035252787 0
577 1216.16006132843 1216.16006132843 0.492655379504086 1.97232035252787 0
578 1214.20773832482 1214.20773832482 0.492655379504086 1.97232035252787 0
579 1212.25653006525 1212.25653006525 0.492655379504086 1.97232035252787 0
580 1210.30452154061 1210.30452154061 0.492655379504086 1.97232035252787 0
581 1208.35362912748 1208.35362912748 0.492655379504086 1.97232035252787 0
582 1206.40193813779 1206.40193813779 0.492655379504086 1.97232035252787 0
583 1204.45136464263 1204.45136464263 0.492655379504086 1.97232035252787 0
584 1202.49999428061 1202.49999428061 0.492655379504086 1.97232035252787 0
585 1200.5497428181 1200.5497428181 0.492655379504086 1.97232035252787 0
586 1198.59869621506 1198.59869621506 0.492655379504086 1.97232035252787 0
587 1196.64876993632 1196.64876993632 0.492655379504086 1.97232035252787 0
588 1194.69805027131 1194.69805027131 0.492655379504086 1.97232035252787 0
589 1192.74749531775 1192.74749531775 0.492655379504086 1.97232035252787 0
590 1190.79806285408 1190.79806285408 0.492655379504086 1.97232035252787 0
591 1188.84783967505 1188.84783967505 0.492655379504086 1.97232035252787 0
592 1186.8987404573 1186.8987404573 0.492655379504086 1.97232035252787 0
593 1184.9488523285 1184.9488523285 0.492655379504086 1.97232035252787 0
594 1183.00008965328 1183.00008965328 0.492655379504086 1.97232035252787 0
595 1181.0505399005 1181.0505399005 0.492655379504086 1.97232035252787 0
596 1179.1021171087 1179.1021171087 0.492655379504086 1.97232035252787 0
597 1177.15290909263 1177.15290909263 0.492655379504086 1.97232035252787 0
598 1175.20387326326 1175.20387326326 0.492655379504086 1.97232035252787 0
599 1173.25596670049 1173.25596670049 0.492655379504086 1.97232035252787 0
600 1171.30727773778 1171.30727773778 0.492655379504086 1.97232035252787 0
601 1169.35971960295 1169.35971960295 0.492655379504086 1.97232035252787 0
602 1167.41138098662 1167.41138098662 0.492655379504086 1.97232035252787 0
603 1165.46417477698 1165.46417477698 0.492655379504086 1.97232035252787 0
604 1163.51619002663 1163.51619002663 0.492655379504086 1.97232035252787 0
605 1161.56933928816 1161.56933928816 0.492655379504086 1.97232035252787 0
606 1159.62171197132 1159.62171197132 0.492655379504086 1.97232035252787 0
607 1157.67522029345 1157.67522029345 0.492655379504086 1.97232035252787 0
608 1155.72795402757 1155.72795402757 0.492655379504086 1.97232035252787 0
609 1153.78086970429 1153.78086970429 0.492655379504086 1.97232035252787 0
610 1151.83492349835 1151.83492349835 0.492655379504086 1.97232035252787 0
611 1149.88820574157 1149.88820574157 0.492655379504086 1.97232035252787 0
612 1147.94262778555 1147.94262778555 0.492655379504086 1.97232035252787 0
613 1145.99628033123 1145.99628033123 0.492655379504086 1.97232035252787 0
614 1144.05107438669 1144.05107438669 0.492655379504086 1.97232035252787 0
615 1142.10510102717 1142.10510102717 0.492655379504086 1.97232035252787 0
616 1140.16027090394 1140.16027090394 0.492655379504086 1.97232035252787 0
617 1138.21467547778 1138.21467547778 0.492655379504086 1.97232035252787 0
618 1136.26927052249 1136.26927052249 0.492655379504086 1.97232035252787 0
619 1134.32501144103 1134.32501144103 0.492655379504086 1.97232035252787 0
620 1132.37999027456 1132.37999027456 0.492655379504086 1.97232035252787 0
621 1130.43611677402 1130.43611677402 0.492655379504086 1.97232035252787 0
622 1128.49148337258 1128.49148337258 0.492655379504086 1.97232035252787 0
623 1126.54799944932 1126.54799944932 0.492655379504086 1.97232035252787 0
624 1124.60375783481 1124.60375783481 0.492655379504086 1.97232035252787 0
625 1122.66066753981 1122.66066753981 0.492655379504086 1.97232035252787 0
626 1120.71682179525 1120.71682179525 0.492655379504086 1.97232035252787 0
627 1118.77412923378 1118.77412923378 0.492655379504086 1.97232035252787 0
628 1116.83068349339 1116.83068349339 0.492655379504086 1.97232035252787 0
629 1114.8874393755 1114.8874393755 0.492655379504086 1.97232035252787 0
630 1112.94535128943 1112.94535128943 0.492655379504086 1.97232035252787 0
631 1111.00251348951 1111.00251348951 0.492655379504086 1.97232035252787 0
632 1109.06083365527 1109.06083365527 0.492655379504086 1.97232035252787 0
633 1107.11840645418 1107.11840645418 0.492655379504086 1.97232035252787 0
634 1105.1771391777 1105.1771391777 0.492655379504086 1.97232035252787 0
635 1103.23512691456 1103.23512691456 0.492655379504086 1.97232035252787 0
636 1101.29427656651 1101.29427656651 0.492655379504086 1.97232035252787 0
637 1099.35268364325 1099.35268364325 0.492655379504086 1.97232035252787 0
638 1097.4113021126 1097.4113021126 0.492655379504086 1.97232035252787 0
639 1095.47108553168 1095.47108553168 0.492655379504086 1.97232035252787 0
640 1093.5301300582 1093.5301300582 0.492655379504086 1.97232035252787 0
641 1091.59034159334 1091.59034159334 0.492655379504086 1.97232035252787 0
642 1089.64981673228 1089.64981673228 0.492655379504086 1.97232035252787 0
643 1087.71046097204 1087.71046097204 0.492655379504086 1.97232035252787 0
644 1085.77037134522 1085.77037134522 0.492655379504086 1.97232035252787 0
645 1083.83145293925 1083.83145293925 0.492655379504086 1.97232035252787 0
646 1081.89180323378 1081.89180323378 0.492655379504086 1.97232035252787 0
647 1079.95332689752 1079.95332689752 0.492655379504086 1.97232035252787 0
648 1078.01412186454 1078.01412186454 0.492655379504086 1.97232035252787 0
649 1076.07514102494 1076.07514102494 0.492655379504086 1.97232035252787 0
650 1074.13733684102 1074.13733684102 0.492655379504086 1.97232035252787 0
651 1072.1988079313 1072.1988079313 0.492655379504086 1.97232035252787 0
652 1070.26145790733 1070.26145790733 0.492655379504086 1.97232035252787 0
653 1068.32338584981 1068.32338584981 0.492655379504086 1.97232035252787 0
654 1066.3864949396 1066.3864949396 0.492655379504086 1.97232035252787 0
655 1064.4488847284 1064.4488847284 0.492655379504086 1.97232035252787 0
656 1062.51245796179 1062.51245796179 0.492655379504086 1.97232035252787 0
657 1060.57531466046 1060.57531466046 0.492655379504086 1.97232035252787 0
658 1058.63840679815 1058.63840679815 0.492655379504086 1.97232035252787 0
659 1056.70268588856 1056.70268588856 0.492655379504086 1.97232035252787 0
660 1054.76625267563 1054.76625267563 0.492655379504086 1.97232035252787 0
661 1052.83100879616 1052.83100879616 0.492655379504086 1.97232035252787 0
662 1050.89505548261 1050.89505548261 0.492655379504086 1.97232035252787 0
663 1048.96029392354 1048.96029392354 0.492655379504086 1.97232035252787 0
664 1047.02482583699 1047.02482583699 0.492655379504086 1.97232035252787 0
665 1045.09055195842 1045.09055195842 0.492655379504086 1.97232035252787 0
666 1043.15557450791 1043.15557450791 0.492655379504086 1.97232035252787 0
667 1041.22179375199 1041.22179375199 0.492655379504086 1.97232035252787 0
668 1039.28731241971 1039.28731241971 0.492655379504086 1.97232035252787 0
669 1037.35308128876 1037.35308128876 0.492655379504086 1.97232035252787 0
670 1035.42005066083 1035.42005066083 0.492655379504086 1.97232035252787 0
671 1033.48632402731 1033.48632402731 0.492655379504086 1.97232035252787 0
672 1031.55380048188 1031.55380048188 0.492655379504086 1.97232035252787 0
673 1029.62058403589 1029.62058403589 0.492655379504086 1.97232035252787 0
674 1027.6885732998 1027.6885732998 0.492655379504086 1.97232035252787 0
675 1025.75587281335 1025.75587281335 0.492655379504086 1.97232035252787 0
676 1023.82438070211 1023.82438070211 0.492655379504086 1.97232035252787 0
677 1021.89220203186 1021.89220203186 0.492655379504086 1.97232035252787 0
678 1019.9602865625 1019.9602865625 0.492655379504086 1.97232035252787 0
679 1018.02958354123 1018.02958354123 0.492655379504086 1.97232035252787 0
680 1016.09819884426 1016.09819884426 0.492655379504086 1.97232035252787 0
681 1014.16802936126 1014.16802936126 0.492655379504086 1.97232035252787 0
682 1012.23718151737 1012.23718151737 0.492655379504086 1.97232035252787 0
683 1010.30755169828 1010.30755169828 0.492655379504086 1.97232035252787 0
684 1008.37724687724 1008.37724687724 0.492655379504086 1.97232035252787 0
685 1006.44816293636 1006.44816293636 0.492655379504086 1.97232035252787 0
686 1004.51840740839 1004.51840740839 0.492655379504086 1.97232035252787 0
687 1002.58987565529 1002.58987565529 0.492655379504086 1.97232035252787 0
688 1000.6606757771 1000.6606757771 0.492655379504086 1.97232035252787 0
689 998.731756209856 998.731756209856 0.492655379504086 1.97232035252787 0
690 996.804064848111 996.804064848111 0.492655379504086 1.97232035252787 0
691 994.87571065262 994.87571065262 0.492655379504086 1.97232035252787 0
692 992.948587676212 992.948587676212 0.492655379504086 1.97232035252787 0
693 991.020805462789 991.020805462789 0.492655379504086 1.97232035252787 0
694 989.094257523159 989.094257523159 0.492655379504086 1.97232035252787 0
695 987.167053996191 987.167053996191 0.492655379504086 1.97232035252787 0
696 985.241087850583 985.241087850583 0.492655379504086 1.97232035252787 0
697 983.314469820069 983.314469820069 0.492655379504086 1.97232035252787 0
698 981.388147194599 981.388147194599 0.492655379504086 1.97232035252787 0
699 979.463066704935 979.463066704935 0.492655379504086 1.97232035252787 0
700 977.537339991974 977.537339991974 0.492655379504086 1.97232035252787 0
701 975.612858641763 975.612858641763 0.492655379504086 1.97232035252787 0
702 973.687734915563 973.687734915563 0.492655379504086 1.97232035252787 0
703 971.763859835217 971.763859835217 0.492655379504086 1.97232035252787 0
704 969.839346282662 969.839346282662 0.492655379504086 1.97232035252787 0
705 967.916084709011 967.916084709011 0.492655379504086 1.97232035252787 0
706 965.992188628117 965.992188628117 0.492655379504086 1.97232035252787 0
707 964.069547916144 964.069547916144 0.492655379504086 1.97232035252787 0
708 962.146276721823 962.146276721823 0.492655379504086 1.97232035252787 0
709 960.223320866105 960.223320866105 0.492655379504086 1.97232035252787 0
710 958.301625562292 958.301625562292 0.492655379504086 1.97232035252787 0
711 956.379305931752 956.379305931752 0.492655379504086 1.97232035252787 0
712 954.458250382343 954.458250382343 0.492655379504086 1.97232035252787 0
713 952.536574690282 952.536574690282 0.492655379504086 1.97232035252787 0
714 950.616166659684 950.616166659684 0.492655379504086 1.97232035252787 0
715 948.69514273703 948.69514273703 0.492655379504086 1.97232035252787 0
716 946.775390116801 946.775390116801 0.492655379504086 1.97232035252787 0
717 944.855025921688 944.855025921688 0.492655379504086 1.97232035252787 0
718 942.93499469281 942.93499469281 0.492655379504086 1.97232035252787 0
719 941.016240342364 941.016240342364 0.492655379504086 1.97232035252787 0
720 939.09688101681 939.09688101681 0.492655379504086 1.97232035252787 0
721 937.178802357732 937.178802357732 0.492655379504086 1.97232035252787 0
722 935.260123215275 935.260123215275 0.492655379504086 1.97232035252787 0
723 933.342728593305 933.342728593305 0.492655379504086 1.97232035252787 0
724 931.424738046112 931.424738046112 0.492655379504086 1.97232035252787 0
725 929.508035935845 929.508035935845 0.492655379504086 1.97232035252787 0
726 927.590742532321 927.590742532321 0.492655379504086 1.97232035252787 0
727 925.651569874466 925.651569874466 0.492655379504086 1.97232035252787 0
728 923.676907028004 923.676907028004 0.492655379504086 1.97232035252787 0
729 921.683518582928 921.683518582928 0.492655379504086 1.97232035252787 0
730 919.68386633936 919.68386633936 0.492655379504086 1.97232035252787 0
731 917.694919059408 917.694919059408 0.492655379504086 1.97232035252787 0
732 915.730287455061 915.730287455061 0.492655379504086 1.97232035252787 0
733 913.807135087307 913.807135087307 0.492655379504086 1.97232035252787 0
734 911.938960777195 911.938960777195 0.492655379504086 1.97232035252787 0
735 910.141531583362 910.141531583362 0.492655379504086 1.97232035252787 0
736 908.427863648752 908.427863648752 0.492655379504086 1.97232035252787 0
737 906.812592387487 906.812592387487 0.492655379504086 1.97232035252787 0
738 905.306616007831 905.306616007831 0.492655379504086 1.97232035252787 0
739 903.92429901345 903.92429901345 0.492655379504086 1.97232035252787 0
740 902.675905504275 902.675905504275 0.492655379504086 1.97232035252787 0
741 901.570414540981 901.570414540981 0.492655379504086 1.97232035252787 0
742 900.618949978042 900.618949978042 0.492655379504086 1.97232035252787 0
743 899.827202922443 899.827202922443 0.492655379504086 1.97232035252787 0
744 899.202058847608 899.202058847608 0.492655379504086 1.97232035252787 0
745 898.66577296449 898.66577296449 0.492655379504086 1.97232035252787 0
746 898.133915810234 898.133915810234 0.492655379504086 1.97232035252787 0
747 897.60590509411 897.60590509411 0.492655379504086 1.97232035252787 0
748 897.08204409784 897.08204409784 0.492655379504086 1.97232035252787 0
749 896.562626867689 896.562626867689 0.492655379504086 1.97232035252787 0
750 896.047084783117 896.047084783117 0.492655379504086 1.97232035252787 0
751 895.535714113363 895.535714113363 0.492655379504086 1.97232035252787 0
752 895.028801843139 895.028801843139 0.492655379504086 1.97232035252787 0
753 894.52579308984 894.52579308984 0.492655379504086 1.97232035252787 0
754 894.026977070165 894.026977070165 0.492655379504086 1.97232035252787 0
755 893.5326336676 893.5326336676 0.492655379504086 1.97232035252787 0
756 893.042221804535 893.042221804535 0.492655379504086 1.97232035252787 0
757 892.556023605358 892.556023605358 0.492655379504086 1.97232035252787 0
758 892.074311813864 892.074311813864 0.492655379504086 1.97232035252787 0
759 891.596559222613 891.596559222613 0.492655379504086 1.97232035252787 0
760 891.123040825186 891.123040825186 0.492655379504086 1.97232035252787 0
761 890.653763374976 890.653763374976 0.492655379504086 1.97232035252787 0
762 890.188990035873 890.188990035873 0.492655379504086 1.97232035252787 0
763 889.728212195569 889.728212195569 0.492655379504086 1.97232035252787 0
764 889.271695279402 889.271695279402 0.492655379504086 1.97232035252787 0
765 888.819695223724 888.819695223724 0.492655379504086 1.97232035252787 0
766 888.371717434493 888.371717434493 0.492655379504086 1.97232035252787 0
767 887.928020117668 887.928020117668 0.492655379504086 1.97232035252787 0
768 887.488851946226 887.488851946226 0.492655379504086 1.97232035252787 0
769 887.053732404976 887.053732404976 0.492655379504086 1.97232035252787 0
770 886.622912444302 886.622912444302 0.492655379504086 1.97232035252787 0
771 886.196633437735 886.196633437735 0.492655379504086 1.97232035252787 0
772 885.774429009271 885.774429009271 0.492655379504086 1.97232035252787 0
773 885.356542817601 885.356542817601 0.492655379504086 1.97232035252787 0
774 884.943208902249 884.943208902249 0.492655379504086 1.97232035252787 0
775 884.53397508435 884.53397508435 0.492655379504086 1.97232035252787 0
776 884.129077696206 884.129077696206 0.492655379504086 1.97232035252787 0
777 883.728743409371 883.728743409371 0.492655379504086 1.97232035252787 0
778 883.332534298821 883.332534298821 0.492655379504086 1.97232035252787 0
779 882.940679336362 882.940679336362 0.492655379504086 1.97232035252787 0
780 882.55339779255 882.55339779255 0.492655379504086 1.97232035252787 0
781 882.170266051253 882.170266051253 0.492655379504086 1.97232035252787 0
782 881.791505690933 881.791505690933 0.492655379504086 1.97232035252787 0
783 881.417328548587 881.417328548587 0.492655379504086 1.97232035252787 0
784 881.047325370891 881.047325370891 0.492655379504086 1.97232035252787 0
785 880.681710310163 880.681710310163 0.492655379504086 1.97232035252787 0
786 880.320687739006 880.320687739006 0.492655379504086 1.97232035252787 0
787 879.963862818824 879.963862818824 0.492655379504086 1.97232035252787 0
788 879.611442244313 879.611442244313 0.492655379504086 1.97232035252787 0
789 879.263622893283 879.263622893283 0.492655379504086 1.97232035252787 0
790 878.920024392508 878.920024392508 0.492655379504086 1.97232035252787 0
791 878.580845948312 878.580845948312 0.492655379504086 1.97232035252787 0
792 878.246092681626 878.246092681626 0.492655379504086 1.97232035252787 0
793 877.915951431693 877.915951431693 0.492655379504086 1.97232035252787 0
794 877.590061188502 877.590061188502 0.492655379504086 1.97232035252787 0
795 877.268611127761 877.268611127761 0.492655379504086 1.97232035252787 0
796 876.951780526728 876.951780526728 0.492655379504086 1.97232035252787 0
797 876.639222951949 876.639222951949 0.492655379504086 1.97232035252787 0
798 876.331120023336 876.331120023336 0.492655379504086 1.97232035252787 0
799 876.027643429241 876.027643429241 0.492655379504086 1.97232035252787 0
800 875.728461357539 875.728461357539 0.492655379504086 1.97232035252787 0
801 875.433747845162 875.433747845162 0.492655379504086 1.97232035252787 0
802 875.143666965315 875.143666965315 0.492655379504086 1.97232035252787 0
803 874.857901570462 874.857901570462 0.492655379504086 1.97232035252787 0
804 874.576618088016 874.576618088016 0.492655379504086 1.97232035252787 0
805 874.299972951295 874.299972951295 0.492655379504086 1.97232035252787 0
806 874.027663718545 874.027663718545 0.492655379504086 1.97232035252787 0
807 873.759849182471 873.759849182471 0.492655379504086 1.97232035252787 0
808 873.496678112259 873.496678112259 0.492655379504086 1.97232035252787 0
809 873.237862811981 873.237862811981 0.492655379504086 1.97232035252787 0
810 872.983554415063 872.983554415063 0.492655379504086 1.97232035252787 0
811 872.733894003828 872.733894003828 0.492655379504086 1.97232035252787 0
812 872.488608665691 872.488608665691 0.492655379504086 1.97232035252787 0
813 872.24784185192 872.24784185192 0.492655379504086 1.97232035252787 0
814 872.011726936043 872.011726936043 0.492655379504086 1.97232035252787 0
815 871.780005824795 871.780005824795 0.492655379504086 1.97232035252787 0
816 871.552814265209 871.552814265209 0.492655379504086 1.97232035252787 0
817 871.330277901294 871.330277901294 0.492655379504086 1.97232035252787 0
818 871.11215349319 871.11215349319 0.492655379504086 1.97232035252787 0
819 870.898569062835 870.898569062835 0.492655379504086 1.97232035252787 0
820 870.689527951189 870.689527951189 0.492655379504086 1.97232035252787 0
821 870.485145465578 870.485145465578 0.492655379504086 1.97232035252787 0
822 870.285198221389 870.285198221389 0.492655379504086 1.97232035252787 0
823 870.089803909112 870.089803909112 0.492655379504086 1.97232035252787 0
824 869.899070062485 869.899070062485 0.492655379504086 1.97232035252787 0
825 869.712788222691 869.712788222691 0.492655379504086 1.97232035252787 0
826 869.53106831046 869.53106831046 0.492655379504086 1.97232035252787 0
827 869.354010069142 869.354010069142 0.492655379504086 1.97232035252787 0
828 869.181419993477 869.181419993477 0.492655379504086 1.97232035252787 0
829 869.013400217269 869.013400217269 0.492655379504086 1.97232035252787 0
830 868.850042677707 868.850042677707 0.492655379504086 1.97232035252787 0
831 868.691168849018 868.691168849018 0.492655379504086 1.97232035252787 0
832 868.536873062078 868.536873062078 0.492655379504086 1.97232035252787 0
833 868.38723943334 868.38723943334 0.492655379504086 1.97232035252787 0
834 868.242104440396 868.242104440396 0.492655379504086 1.97232035252787 0
835 868.101554596385 868.101554596385 0.492655379504086 1.97232035252787 0
836 867.96566618373 867.96566618373 0.492655379504086 1.97232035252787 0
837 867.834290705303 867.834290705303 0.492655379504086 1.97232035252787 0
838 867.707506842896 867.707506842896 0.492655379504086 1.97232035252787 0
839 867.585383032755 867.585383032755 0.492655379504086 1.97232035252787 0
840 867.467785822996 867.467785822996 0.492655379504086 1.97232035252787 0
841 867.354786051624 867.354786051624 0.492655379504086 1.97232035252787 0
842 867.246444297896 867.246444297896 0.492655379504086 1.97232035252787 0
843 867.14264217303 867.14264217303 0.492655379504086 1.97232035252787 0
844 867.043442660138 867.043442660138 0.492655379504086 1.97232035252787 0
845 866.948898471649 866.948898471649 0.492655379504086 1.97232035252787 0
846 866.858906298022 866.858906298022 0.492655379504086 1.97232035252787 0
847 866.773521257433 866.773521257433 0.492655379504086 1.97232035252787 0
848 866.692788187052 866.692788187052 0.492655379504086 1.97232035252787 0
849 866.616618870479 866.616618870479 0.492655379504086 1.97232035252787 0
850 866.545060552284 866.545060552284 0.492655379504086 1.97232035252787 0
851 866.478114374946 866.478114374946 0.492655379504086 1.97232035252787 0
852 866.415814663727 866.415814663727 0.492655379504086 1.97232035252787 0
853 866.358093345537 866.358093345537 0.492655379504086 1.97232035252787 0
854 866.304987154943 866.304987154943 0.492655379504086 1.97232035252787 0
855 866.256522527055 866.256522527055 0.492655379504086 1.97232035252787 0
856 866.212646506605 866.212646506605 0.492655379504086 1.97232035252787 0
857 866.173387939026 866.173387939026 0.492655379504086 1.97232035252787 0
858 866.138765364992 866.138765364992 0.492655379504086 1.97232035252787 0
859 866.108740954195 866.108740954195 0.492655379504086 1.97232035252787 0
860 866.083335658415 866.083335658415 0.492655379504086 1.97232035252787 0
861 866.062560120849 866.062560120849 0.492655379504086 1.97232035252787 0
862 866.046391641277 866.046391641277 0.492655379504086 1.97232035252787 0
863 866.034843274531 866.034843274531 0.492655379504086 1.97232035252787 0
864 866.02791776457 866.02791776457 0.492655379504086 1.97232035252787 0
865 866.025607544334 866.025607544334 0.492655379504086 1.97232035252787 0
866 866.027917769684 866.027917769684 0.492655379504086 1.97232035252787 0
867 866.034843284829 866.034843284829 0.492655379504086 1.97232035252787 0
868 866.046391656905 866.046391656905 0.492655379504086 1.97232035252787 0
869 866.062560142032 866.062560142032 0.492655379504086 1.97232035252787 0
870 866.083335685436 866.083335685436 0.492655379504086 1.97232035252787 0
