1 1322.8756555323 1322.8756555323 0.49249789147027 1.97201239596184 0
2 1322.8756555323 1322.8756555323 0.49249789147027 1.97201239596184 0
3 1322.8756555323 1322.8756555323 0.49249789147027 1.97201239596184 0
4 1322.8756555323 1322.8756555323 0.49249789147027 1.97201239596184 0
5 1322.8756555323 1322.8756555323 0.49249789147027 1.97201239596184 0
6 1322.8756555323 1322.8756555323 0.49249789147027 1.97201239596184 0
7 1322.8756555323 1322.8756555323 0.49249789147027 1.97201239596184 0
8 1322.8756555323 1322.8756555323 0.49249789147027 1.97201239596184 0
9 1322.8756555323 1322.8756555323 0.49249789147027 1.97201239596184 0
10 1322.8756555323 1322.8756555323 0.49249789147027 1.97201239596184 0
11 1322.8756555323 1322.8756555323 0.49249789147027 1.97201239596184 0
12 1322.8756555323 1322.8756555323 0.49249789147027 1.97201239596184 0
13 1322.8756555323 1322.8756555323 0.49249789147027 1.97201239596184 0
14 1322.8756555323 1322.8756555323 0.49249789147027 1.97201239596184 0
15 1322.8756555323 1322.8756555323 0.49249789147027 1.97201239596184 0
16 1322.8756555323 1322.8756555323 0.49249789147027 1.97201239596184 0
17 1322.8756555323 1322.8756555323 0.49249789147027 1.97201239596184 0
18 1322.8756555323 1322.8756555323 0.49249789147027 1.97201239596184 0
19 1322.8756555323 1322.8756555323 0.49249789147027 1.97201239596184 0
20 1322.8756555323 1322.8756555323 0.49249789147027 1.97201239596184 0
21 1322.95105410875 1322.95105410875 0.49249789147027 1.97201239596184 0
22 1323.17810705752 1323.17810705752 0.49249789147027 1.97201239596184 0
23 1323.55603481297 1323.55603481297 0.49249789147027 1.97201239596184 0
24 1324.08577240201 1324.08577240201 0.49249789147027 1.97201239596184 0
25 1324.76661722543 1324.76661722543 0.49249789147027 1.97201239596184 0
26 1325.59874270689 1325.59874270689 0.49249789147027 1.97201239596184 0
27 1326.58319960451 1326.58319960451 0.49249789147027 1.97201239596184 0
28 1327.72023826005 1327.72023826005 0.49249789147027 1.97201239596184 0
29 1329.00930585566 1329.00930585566 0.49249789147027 1.97201239596184 0
30 1330.45072517523 1330.45072517523 0.49249789147027 1.97201239596184 0
31 1331.96991472755 1331.96991472755 0.49249789147027 1.97201239596184 0
32 1333.49037425395 1333.49037425395 0.49249789147027 1.97201239596184 0
33 1335.01125600536 1335.01125600536 0.49249789147027 1.97201239596184 0
34 1336.53424178265 1336.53424178265 0.49249789147027 1.97201239596184 0
35 1338.0584845674 1338.0584845674 0.49249789147027 1.97201239596184 0
36 1339.5831345736 1339.5831345736 0.49249789147027 1.97201239596184 0
37 1341.10987782793 1341.10987782793 0.49249789147027 1.97201239596184 0
38 1342.63786526781 1342.63786526781 0.49249789147027 1.97201239596184 0
39 1344.1662450903 1344.1662450903 0.49249789147027 1.97201239596184 0
40 1345.6967075056 1345.6967075056 0.49249789147027 1.97201239596184 0
41 1347.22840142735 1347.22840142735 0.49249789147027 1.97201239596184 0
42 1348.76132265999 1348.76132265999 0.49249789147027 1.97201239596184 0
43 1350.29461674499 1350.29461674499 0.49249789147027 1.97201239596184 0
44 1351.829979402 1351.829979402 0.49249789147027 1.97201239596184 0
45 1353.36655687967 1353.36655687967 0.49249789147027 1.97201239596184 0
46 1354.90349275019 1354.90349275019 0.49249789147027 1.97201239596184 0
47 1356.44248681805 1356.44248681805 0.49249789147027 1.97201239596184 0
48 1357.98268335622 1357.98268335622 0.49249789147027 1.97201239596184 0
49 1359.52322398758 1359.52322398758 0.49249789147027 1.97201239596184 0
50 1361.06581256 1361.06581256 0.49249789147027 1.97201239596184 0
51 1362.60959139057 1362.60959139057 0.49249789147027 1.97201239596184 0
52 1364.15370017375 1364.15370017375 0.49249789147027 1.97201239596184 0
53 1365.69984675838 1365.69984675838 0.49249789147027 1.97201239596184 0
54 1367.24717152583 1367.24717152583 0.49249789147027 1.97201239596184 0
55 1368.79481226199 1368.79481226199 0.49249789147027 1.97201239596184 0
56 1370.34448077633 1370.34448077633 0.49249789147027 1.97201239596184 0
57 1371.89531553415 1371.89531553415 0.49249789147027 1.97201239596184 0
58 1373.44645243156 1373.44645243156 0.49249789147027 1.97201239596184 0
59 1374.99960719882 1374.99960719882 0.49249789147027 1.97201239596184 0
60 1376.55391640457 1376.55391640457 0.49249789147027 1.97201239596184 0
61 1378.10851407453 1378.10851407453 0.49249789147027 1.97201239596184 0
62 1379.66511981951 1379.66511981951 0.49249789147027 1.97201239596184 0
63 1381.2228683307 1381.2228683307 0.49249789147027 1.97201239596184 0
64 1382.78089178262 1382.78089178262 0.49249789147027 1.97201239596184 0
65 1384.34091362765 1384.34091362765 0.49249789147027 1.97201239596184 0
66 1385.90206669848 1385.90206669848 0.49249789147027 1.97201239596184 0
67 1387.46348133658 1387.46348133658 0.49249789147027 1.97201239596184 0
68 1389.02688479736 1389.02688479736 0.49249789147027 1.97201239596184 0
69 1390.59140807381 1390.59140807381 0.49249789147027 1.97201239596184 0
70 1392.15617969279 1392.15617969279 0.49249789147027 1.97201239596184 0
71 1393.72293067439 1393.72293067439 0.49249789147027 1.97201239596184 0
72 1395.2907901904 1395.2907901904 0.49249789147027 1.97201239596184 0
73 1396.85975450897 1396.85975450897 0.49249789147027 1.97201239596184 0
74 1398.42894976412 1398.42894976412 0.49249789147027 1.97201239596184 0
75 1400.00011193813 1400.00011193813 0.49249789147027 1.97201239596184 0
76 1401.57236780211 1401.57236780211 0.49249789147027 1.97201239596184 0
77 1403.14484171945 1403.14484171945 0.49249789147027 1.97201239596184 0
78 1404.71927334865 1404.71927334865 0.49249789147027 1.97201239596184 0
79 1406.2947876821 1406.2947876821 0.49249789147027 1.97201239596184 0
80 1407.87050732866 1407.87050732866 0.49249789147027 1.97201239596184 0
81 1409.44817558666 1409.44817558666 0.49249789147027 1.97201239596184 0
82 1411.0269156876 1411.0269156876 0.49249789147027 1.97201239596184 0
83 1412.60584850339 1412.60584850339 0.49249789147027 1.97201239596184 0
84 1414.18672093564 1414.18672093564 0.49249789147027 1.97201239596184 0
85 1415.76865447289 1415.76865447289 0.49249789147027 1.97201239596184 0
86 1417.35076826689 1417.35076826689 0.49249789147027 1.97201239596184 0
87 1418.93481278643 1418.93481278643 0.49249789147027 1.97201239596184 0
88 1420.51990779479 1420.51990779479 0.49249789147027 1.97201239596184 0
89 1422.10517074129 1422.10517074129 0.49249789147027 1.97201239596184 0
90 1423.69235562532 1423.69235562532 0.49249789147027 1.97201239596184 0
91 1425.28058050244 1425.28058050244 0.49249789147027 1.97201239596184 0
92 1426.86896113623 1426.86896113623 0.49249789147027 1.97201239596184 0
93 1428.45925502219 1428.45925502219 0.49249789147027 1.97201239596184 0
94 1430.05057852436 1430.05057852436 0.49249789147027 1.97201239596184 0
95 1431.64204573763 1431.64204573763 0.49249789147027 1.97201239596184 0
96 1433.23541761871 1433.23541761871 0.49249789147027 1.97201239596184 0
97 1434.77531701842 1434.77531701842 0.49249789147027 1.97201239596184 0
98 1436.19836245725 1436.19836245725 0.49249789147027 1.97201239596184 0
99 1437.49637356778 1437.49637356778 0.49249789147027 1.97201239596184 0
100 1438.65879989481 1438.65879989481 0.49249789147027 1.97201239596184 0
101 1439.6762412032 1439.6762412032 0.49249789147027 1.97201239596184 0
102 1440.54220534993 1440.54220534993 0.49249789147027 1.97201239596184 0
103 1441.2501571497 1441.2501571497 0.49249789147027 1.97201239596184 0
104 1441.79555588015 1441.79555588015 0.49249789147027 1.97201239596184 0
105 1442.17350550002 1442.17350550002 0.49249789147027 1.97201239596184 0
106 1442.38137700791 1442.38137700791 0.49249789147027 1.97201239596184 0
107 1442.41854585538 1442.41854585538 0.49249789147027 1.97201239596184 0
108 1442.28341990363 1442.28341990363 0.49249789147027 1.97201239596184 0
109 1441.97843746031 1441.97843746031 0.49249789147027 1.97201239596184 0
110 1441.50479021484 1441.50479021484 0.49249789147027 1.97201239596184 0
111 1440.86538409538 1440.86538409538 0.49249789147027 1.97201239596184 0
112 1440.06626477011 1440.06626477011 0.49249789147027 1.97201239596184 0
113 1439.11346917325 1439.11346917325 0.49249789147027 1.97201239596184 0
114 1438.011765056 1438.011765056 0.49249789147027 1.97201239596184 0
115 1436.84076738059 1436.84076738059 0.49249789147027 1.97201239596184 0
116 1435.67070253135 1435.67070253135 0.49249789147027 1.97201239596184 0
117 1434.50247276151 1434.50247276151 0.49249789147027 1.97201239596184 0
118 1433.33665442766 1433.33665442766 0.49249789147027 1.97201239596184 0
119 1432.17210738141 1432.17210738141 0.49249789147027 1.97201239596184 0
120 1431.0099789519 1431.0099789519 0.49249789147027 1.97201239596184 0
121 1429.84913262714 1429.84913262714 0.49249789147027 1.97201239596184 0
122 1428.69014388894 1428.69014388894 0.49249789147027 1.97201239596184 0
123 1427.53358457892 1427.53358457892 0.49249789147027 1.97201239596184 0
124 1426.37832367531 1426.37832367531 0.49249789147027 1.97201239596184 0
125 1425.22493395077 1425.22493395077 0.49249789147027 1.97201239596184 0
126 1424.07398451311 1424.07398451311 0.49249789147027 1.97201239596184 0
127 1422.92434987056 1422.92434987056 0.49249789147027 1.97201239596184 0
128 1421.77716277696 1421.77716277696 0.49249789147027 1.97201239596184 0
129 1420.63130145049 1420.63130145049 0.49249789147027 1.97201239596184 0
130 1419.48733410476 1419.48733410476 0.49249789147027 1.97201239596184 0
131 1418.34582524155 1418.34582524155 0.49249789147027 1.97201239596184 0
132 1417.20565867639 1417.20565867639 0.49249789147027 1.97201239596184 0
133 1416.06739985874 1416.06739985874 0.49249789147027 1.97201239596184 0
134 1414.93161050198 1414.93161050198 0.49249789147027 1.97201239596184 0
135 1413.79718005567 1413.79718005567 0.49249789147027 1.97201239596184 0
136 1412.66522641351 1412.66522641351 0.49249789147027 1.97201239596184 0
137 1411.53464280508 1411.53464280508 0.49249789147027 1.97201239596184 0
138 1410.40599002979 1410.40599002979 0.49249789147027 1.97201239596184 0
139 1409.27982510685 1409.27982510685 0.49249789147027 1.97201239596184 0
140 1408.15504697018 1408.15504697018 0.49249789147027 1.97201239596184 0
141 1407.03221360352 1407.03221360352 0.49249789147027 1.97201239596184 0
142 1405.91187917809 1405.91187917809 0.49249789147027 1.97201239596184 0
143 1404.7929483756 1404.7929483756 0.49249789147027 1.97201239596184 0
144 1403.6765239304 1403.6765239304 0.49249789147027 1.97201239596184 0
145 1402.56151437448 1402.56151437448 0.49249789147027 1.97201239596184 0
146 1401.44847294848 1401.44847294848 0.49249789147027 1.97201239596184 0
147 1400.33794903727 1400.33794903727 0.49249789147027 1.97201239596184 0
148 1399.22885698531 1399.22885698531 0.49249789147027 1.97201239596184 0
149 1398.12174716044 1398.12174716044 0.49249789147027 1.97201239596184 0
150 1397.01716604484 1397.01716604484 0.49249789147027 1.97201239596184 0
151 1395.91403383869 1395.91403383869 0.49249789147027 1.97201239596184 0
152 1394.81343782471 1394.81343782471 0.49249789147027 1.97201239596184 0
153 1393.71430212925 1393.71430212925 0.49249789147027 1.97201239596184 0
154 1392.6171722835 1392.6171722835 0.49249789147027 1.97201239596184 0
155 1391.52258988642 1391.52258988642 0.49249789147027 1.97201239596184 0
156 1390.42948498828 1390.42948498828 0.49249789147027 1.97201239596184 0
157 1389.33840018821 1389.33840018821 0.49249789147027 1.97201239596184 0
158 1388.24987412916 1388.24987412916 0.49249789147027 1.97201239596184 0
159 1387.16284282545 1387.16284282545 0.49249789147027 1.97201239596184 0
160 1386.07837780879 1386.07837780879 0.49249789147027 1.97201239596184 0
161 1384.99541909218 1384.99541909218 0.49249789147027 1.97201239596184 0
162 1383.91450434477 1383.91450434477 0.49249789147027 1.97201239596184 0
163 1382.83616723241 1382.83616723241 0.49249789147027 1.97201239596184 0
164 1381.7593538011 1381.7593538011 0.49249789147027 1.97201239596184 0
165 1380.68459873485 1380.68459873485 0.49249789147027 1.97201239596184 0
166 1379.61243268126 1379.61243268126 0.49249789147027 1.97201239596184 0
167 1378.54180776528 1378.54180776528 0.49249789147027 1.97201239596184 0
168 1377.47377946486 1377.47377946486 0.49249789147027 1.97201239596184 0
169 1376.40730397616 1376.40730397616 0.49249789147027 1.97201239596184 0
170 1375.34291095799 1375.34291095799 0.49249789147027 1.97201239596184 0
171 1374.2811259839 1374.2811259839 0.49249789147027 1.97201239596184 0
172 1373.22091139719 1373.22091139719 0.49249789147027 1.97201239596184 0
173 1372.16279381035 1372.16279381035 0.49249789147027 1.97201239596184 0
174 1371.1072957239 1371.1072957239 0.49249789147027 1.97201239596184 0
175 1370.05338566995 1370.05338566995 0.49249789147027 1.97201239596184 0
176 1369.00210276804 1369.00210276804 0.49249789147027 1.97201239596184 0
177 1367.95241970063 1367.95241970063 0.49249789147027 1.97201239596184 0
178 1366.90485795478 1366.90485795478 0.49249789147027 1.97201239596184 0
179 1365.85993485963 1365.85993485963 0.49249789147027 1.97201239596184 0
180 1364.81662935717 1364.81662935717 0.49249789147027 1.97201239596184 0
181 1363.77545983232 1363.77545983232 0.49249789147027 1.97201239596184 0
182 1362.73694048116 1362.73694048116 0.49249789147027 1.97201239596184 0
183 1361.70005654852 1361.70005654852 0.49249789147027 1.97201239596184 0
184 1360.66583048397 1360.66583048397 0.49249789147027 1.97201239596184 0
185 1359.63325175587 1359.63325175587 0.49249789147027 1.97201239596184 0
186 1358.60283352584 1358.60283352584 0.49249789147027 1.97201239596184 0
187 1357.57508472407 1357.57508472407 0.49249789147027 1.97201239596184 0
188 1356.5490011911 1356.5490011911 0.49249789147027 1.97201239596184 0
189 1355.52559480058 1355.52559480058 0.49249789147027 1.97201239596184 0
190 1354.50386566808 1354.50386566808 0.49249789147027 1.97201239596184 0
191 1353.48432167283 1353.48432167283 0.49249789147027 1.97201239596184 0
192 1352.46746641076 1352.46746641076 0.49249789147027 1.97201239596184 0
193 1351.45230643993 1351.45230643993 0.49249789147027 1.97201239596184 0
194 1350.43934644308 1350.43934644308 0.49249789147027 1.97201239596184 0
195 1349.42908678585 1349.42908678585 0.49249789147027 1.97201239596184 0
196 1348.42054051513 1348.42054051513 0.49249789147027 1.97201239596184 0
197 1347.41470232988 1347.41470232988 0.49249789147027 1.97201239596184 0
198 1346.41058962541 1346.41058962541 0.49249789147027 1.97201239596184 0
199 1345.40870170007 1345.40870170007 0.49249789147027 1.97201239596184 0
200 1344.40953348993 1344.40953348993 0.49249789147027 1.97201239596184 0
201 1343.4121089511 1343.4121089511 0.49249789147027 1.97201239596184 0
202 1342.41692412169 1342.41692412169 0.49249789147027 1.97201239596184 0
203 1341.42447064743 1341.42447064743 0.49249789147027 1.97201239596184 0
204 1340.43377908918 1340.43377908918 0.49249789147027 1.97201239596184 0
205 1339.4458266529 1339.4458266529 0.49249789147027 1.97201239596184 0
206 1338.45964832368 1338.45964832368 0.49249789147027 1.97201239596184 0
207 1337.47573465816 1337.47573465816 0.49249789147027 1.97201239596184 0
208 1336.49457177 1336.49457177 0.49249789147027 1.97201239596184 0
209 1335.5152013202 1335.5152013202 0.49249789147027 1.97201239596184 0
210 1334.53811054663 1334.53811054663 0.49249789147027 1.97201239596184 0
211 1333.56378221269 1333.56378221269 0.49249789147027 1.97201239596184 0
212 1332.5912647 1332.5912647 0.49249789147027 1.97201239596184 0
213 1331.621517403 1331.621517403 0.49249789147027 1.97201239596184 0
214 1330.65359320798 1330.65359320798 0.49249789147027 1.97201239596184 0
215 1329.68797376543 1329.68797376543 0.49249789147027 1.97201239596184 0
216 1328.7251362073 1328.7251362073 0.49249789147027 1.97201239596184 0
217 1327.76414021134 1327.76414021134 0.49249789147027 1.97201239596184 0
218 1326.80546404787 1326.80546404787 0.49249789147027 1.97201239596184 0
219 1325.84958143761 1325.84958143761 0.49249789147027 1.97201239596184 0
220 1324.89555889231 1324.89555889231 0.49249789147027 1.97201239596184 0
221 1323.9443376799 1323.9443376799 0.49249789147027 1.97201239596184 0
222 1322.99498889143 1322.99498889143 0.49249789147027 1.97201239596184 0
223 1322.04798511367 1322.04798511367 0.49249789147027 1.97201239596184 0
224 1321.10379433274 1321.10379433274 0.49249789147027 1.97201239596184 0
225 1320.16149455077 1320.16149455077 0.49249789147027 1.97201239596184 0
226 1319.22155491019 1319.22155491019 0.49249789147027 1.97201239596184 0
227 1318.284439927 1318.284439927 0.49249789147027 1.97201239596184 0
228 1317.3492345552 1317.3492345552 0.49249789147027 1.97201239596184 0
229 1316.41686160831 1316.41686160831 0.49249789147027 1.97201239596184 0
230 1315.48641069986 1315.48641069986 0.49249789147027 1.97201239596184 0
231 1314.55834518706 1314.55834518706 0.49249789147027 1.97201239596184 0
232 1313.63312374543 1313.63312374543 0.49249789147027 1.97201239596184 0
233 1312.70984301345 1312.70984301345 0.49249789147027 1.97201239596184 0
234 1311.78896284606 1311.78896284606 0.49249789147027 1.97201239596184 0
235 1310.87093838475 1310.87093838475 0.49249789147027 1.97201239596184 0
236 1309.95487333853 1309.95487333853 0.49249789147027 1.97201239596184 0
237 1309.04167174629 1309.04167174629 0.49249789147027 1.97201239596184 0
238 1308.13044205454 1308.13044205454 0.49249789147027 1.97201239596184 0
239 1307.22163822623 1307.22163822623 0.49249789147027 1.97201239596184 0
240 1306.31570946252 1306.31570946252 0.49249789147027 1.97201239596184 0
241 1305.41177135299 1305.41177135299 0.49249789147027 1.97201239596184 0
242 1304.5102742943 1304.5102742943 0.49249789147027 1.97201239596184 0
243 1303.61166389355 1303.61166389355 0.49249789147027 1.97201239596184 0
244 1302.71506292442 1302.71506292442 0.49249789147027 1.97201239596184 0
245 1301.82135633105 1301.82135633105 0.49249789147027 1.97201239596184 0
246 1300.929671702 1300.929671702 0.49249789147027 1.97201239596184 0
247 1300.04045344074 1300.04045344074 0.49249789147027 1.97201239596184 0
248 1299.15414111204 1299.15414111204 0.49249789147027 1.97201239596184 0
249 1298.26986956395 1298.26986956395 0.49249789147027 1.97201239596184 0
250 1297.38807957401 1297.38807957401 0.49249789147027 1.97201239596184 0
251 1296.50920704932 1296.50920704932 0.49249789147027 1.97201239596184 0
252 1295.63239414176 1295.63239414176 0.49249789147027 1.97201239596184 0
253 1294.75850637172 1294.75850637172 0.49249789147027 1.97201239596184 0
254 1293.8866907839 1293.8866907839 0.49249789147027 1.97201239596184 0
255 1293.01738205933 1293.01738205933 0.49249789147027 1.97201239596184 0
256 1292.15100995848 1292.15100995848 0.49249789147027 1.97201239596184 0
257 1291.2867289018 1291.2867289018 0.49249789147027 1.97201239596184 0
258 1290.42496988185 1290.42496988185 0.49249789147027 1.97201239596184 0
259 1289.56615893891 1289.56615893891 0.49249789147027 1.97201239596184 0
260 1288.70945791349 1288.70945791349 0.49249789147027 1.97201239596184 0
261 1287.85571258291 1287.85571258291 0.49249789147027 1.97201239596184 0
262 1287.00408975666 1287.00408975666 0.49249789147027 1.97201239596184 0
263 1286.15501422796 1286.15501422796 0.49249789147027 1.97201239596184 0
264 1285.30890578666 1285.30890578666 0.49249789147027 1.97201239596184 0
265 1284.46493873877 1284.46493873877 0.49249789147027 1.97201239596184 0
266 1283.62353412385 1283.62353412385 0.49249789147027 1.97201239596184 0
267 1282.78510795227 1282.78510795227 0.49249789147027 1.97201239596184 0
268 1281.94884206594 1281.94884206594 0.49249789147027 1.97201239596184 0
269 1281.11556216938 1281.11556216938 0.49249789147027 1.97201239596184 0
270 1280.28445515205 1280.28445515205 0.49249789147027 1.97201239596184 0
271 1279.45593575035 1279.45593575035 0.49249789147027 1.97201239596184 0
272 1278.63041362359 1278.63041362359 0.49249789147027 1.97201239596184 0
273 1277.80708326754 1277.80708326754 0.49249789147027 1.97201239596184 0
274 1276.98635560772 1276.98635560772 0.49249789147027 1.97201239596184 0
275 1276.16863645841 1276.16863645841 0.49249789147027 1.97201239596184 0
276 1275.35312796978 1275.35312796978 0.49249789147027 1.97201239596184 0
277 1274.54063545406 1274.54063545406 0.49249789147027 1.97201239596184 0
278 1273.7303661861 1273.7303661861 0.49249789147027 1.97201239596184 0
279 1272.92272468605 1272.92272468605 0.49249789147027 1.97201239596184 0
280 1272.11811031061 1272.11811031061 0.49249789147027 1.97201239596184 0
281 1271.31573805954 1271.31573805954 0.49249789147027 1.97201239596184 0
282 1270.51600857717 1270.51600857717 0.49249789147027 1.97201239596184 0
283 1269.7193173161 1269.7193173161 0.49249789147027 1.97201239596184 0
284 1268.92488704314 1268.92488704314 0.49249789147027 1.97201239596184 0
285 1268.1335023576 1268.1335023576 0.49249789147027 1.97201239596184 0
286 1267.34439122812 1267.34439122812 0.49249789147027 1.97201239596184 0
287 1266.55794778884 1266.55794778884 0.49249789147027 1.97201239596184 0
288 1265.77456093369 1265.77456093369 0.49249789147027 1.97201239596184 0
289 1264.99346647192 1264.99346647192 0.49249789147027 1.97201239596184 0
290 1264.21505460177 1264.21505460177 0.49249789147027 1.97201239596184 0
291 1263.43971025067 1263.43971025067 0.49249789147027 1.97201239596184 0
292 1262.66667711028 1262.66667711028 0.49249789147027 1.97201239596184 0
293 1261.89671874207 1261.89671874207 0.49249789147027 1.97201239596184 0
294 1261.1290841146 1261.1290841146 0.49249789147027 1.97201239596184 0
295 1260.36415681307 1260.36415681307 0.49249789147027 1.97201239596184 0
296 1259.60231510709 1259.60231510709 0.49249789147027 1.97201239596184 0
297 1258.84281591717 1258.84281591717 0.49249789147027 1.97201239596184 0
298 1258.08640949602 1258.08640949602 0.49249789147027 1.97201239596184 0
299 1257.33235809114 1257.33235809114 0.49249789147027 1.97201239596184 0
300 1256.58103861246 1256.58103861246 0.49249789147027 1.97201239596184 0
301 1255.83282260444 1255.83282260444 0.49249789147027 1.97201239596184 0
302 1255.08698033614 1255.08698033614 0.49249789147027 1.97201239596184 0
303 1254.34388468363 1254.34388468363 0.49249789147027 1.97201239596184 0
304 1253.60390312498 1253.60390312498 0.49249789147027 1.97201239596184 0
305 1252.86631399534 1252.86631399534 0.49249789147027 1.97201239596184 0
306 1252.13184599736 1252.13184599736 0.49249789147027 1.97201239596184 0
307 1251.31899973057 1251.31899973057 0.49249789147027 1.97201239596184 0
308 1250.3528393103 1250.3528393103 0.49249789147027 1.97201239596184 0
309 1249.24076581102 1249.24076581102 0.49249789147027 1.97201239596184 0
310 1247.989140082 1247.989140082 0.49249789147027 1.97201239596184 0
311 1246.60909010202 1246.60909010202 0.49249789147027 1.97201239596184 0
312 1245.108946435 1245.108946435 0.49249789147027 1.97201239596184 0
313 1243.50015553156 1243.50015553156 0.49249789147027 1.97201239596184 0
314 1241.79550673109 1241.79550673109 0.49249789147027 1.97201239596184 0
315 1240.00679557436 1240.00679557436 0.49249789147027 1.97201239596184 0
316 1238.14651205254 1238.14651205254 0.49249789147027 1.97201239596184 0
317 1236.23064719286 1236.23064719286 0.49249789147027 1.97201239596184 0
318 1234.2717882953 1234.2717882953 0.49249789147027 1.97201239596184 0
319 1232.2849915957 1232.2849915957 0.49249789147027 1.97201239596184 0
320 1230.28606876402 1230.28606876402 0.49249789147027 1.97201239596184 0
321 1228.28916984788 1228.28916984788 0.49249789147027 1.97201239596184 0
322 1226.30990345715 1226.30990345715 0.49249789147027 1.97201239596184 0
323 1224.36428891524 1224.36428891524 0.49249789147027 1.97201239596184 0
324 1222.46494528499 1222.46494528499 0.49249789147027 1.97201239596184 0
325 1220.59610571855 1220.59610571855 0.49249789147027 1.97201239596184 0
326 1218.72906980839 1218.72906980839 0.49249789147027 1.97201239596184 0
327 1216.86141938742 1216.86141938742 0.49249789147027 1.97201239596184 0
328 1214.99419145321 1214.99419145321 0.49249789147027 1.97201239596184 0
329 1213.12842207897 1213.12842207897 0.49249789147027 1.97201239596184 0
330 1211.26204474555 1211.26204474555 0.49249789147027 1.97201239596184 0
331 1209.39609578509 1209.39609578509 0.49249789147027 1.97201239596184 0
332 1207.53161059232 1207.53161059232 0.49249789147027 1.97201239596184 0
333 1205.66652410699 1205.66652410699 0.49249789147027 1.97201239596184 0
334 1203.80187198621 1203.80187198621 0.49249789147027 1.97201239596184 0
335 1201.93868893795 1201.93868893795 0.49249789147027 1.97201239596184 0
336 1200.07491138023 1200.07491138023 0.49249789147027 1.97201239596184 0
337 1198.21157428761 1198.21157428761 0.49249789147027 1.97201239596184 0
338 1196.34867971815 1196.34867971815 0.49249789147027 1.97201239596184 0
339 1194.48726144617 1194.48726144617 0.49249789147027 1.97201239596184 0
340 1192.62525789771 1192.62525789771 0.49249789147027 1.97201239596184 0
341 1190.76370311991 1190.76370311991 0.49249789147027 1.97201239596184 0
342 1188.90363017716 1188.90363017716 0.49249789147027 1.97201239596184 0
343 1187.04297902483 1187.04297902483 0.49249789147027 1.97201239596184 0
344 1185.18278300417 1185.18278300417 0.49249789147027 1.97201239596184 0
345 1183.32407445988 1183.32407445988 0.49249789147027 1.97201239596184 0
346 1181.46479489859 1181.46479489859 0.49249789147027 1.97201239596184 0
347 1179.60597694533 1179.60597694533 0.49249789147027 1.97201239596184 0
348 1177.74865221708 1177.74865221708 0.49249789147027 1.97201239596184 0
349 1175.89076379218 1175.89076379218 0.49249789147027 1.97201239596184 0
350 1174.03334357083 1174.03334357083 0.49249789147027 1.97201239596184 0
351 1172.1774224299 1172.1774224299 0.49249789147027 1.97201239596184 0
352 1170.32094504516 1170.32094504516 0.49249789147027 1.97201239596184 0
353 1168.46494258029 1168.46494258029 0.49249789147027 1.97201239596184 0
354 1166.61044516237 1166.61044516237 0.49249789147027 1.97201239596184 0
355 1164.75539908685 1164.75539908685 0.49249789147027 1.97201239596184 0
356 1162.90083477164 1162.90083477164 0.49249789147027 1.97201239596184 0
357 1161.04778158321 1161.04778158321 0.49249789147027 1.97201239596184 0
358 1159.19418745998 1159.19418745998 0.49249789147027 1.97201239596184 0
359 1157.34108206467 1157.34108206467 0.49249789147027 1.97201239596184 0
360 1155.48949399149 1155.48949399149 0.49249789147027 1.97201239596184 0
361 1153.63737284623 1153.63737284623 0.49249789147027 1.97201239596184 0
362 1151.78574752583 1151.78574752583 0.49249789147027 1.97201239596184 0
363 1149.93564584133 1149.93564584133 0.49249789147027 1.97201239596184 0
364 1148.08501909078 1148.08501909078 0.49249789147027 1.97201239596184 0
365 1146.23489539356 1146.23489539356 0.49249789147027 1.97201239596184 0
366 1144.38630176712 1144.38630176712 0.49249789147027 1.97201239596184 0
367 1142.53719122744 1142.53719122744 0.49249789147027 1.97201239596184 0
368 1140.68859110436 1140.68859110436 0.49249789147027 1.97201239596184 0
369 1138.84050388244 1138.84050388244 0.49249789147027 1.97201239596184 0
370 1136.99395550613 1136.99395550613 0.49249789147027 1.97201239596184 0
371 1135.14690131915 1135.14690131915 0.49249789147027 1.97201239596184 0
372 1133.30036758248 1133.30036758248 0.49249789147027 1.97201239596184 0
373 1131.45537941968 1131.45537941968 0.49249789147027 1.97201239596184 0
374 1129.60989395196 1129.60989395196 0.49249789147027 1.97201239596184 0
375 1127.76493662531 1127.76493662531 0.49249789147027 1.97201239596184 0
376 1125.92153173165 1125.92153173165 0.49249789147027 1.97201239596184 0
377 1124.07763819564 1124.07763819564 0.49249789147027 1.97201239596184 0
378 1122.23428063761 1122.23428063761 0.49249789147027 1.97201239596184 0
379 1120.39248250487 1120.39248250487 0.49249789147027 1.97201239596184 0
380 1118.5502045533 1118.5502045533 0.49249789147027 1.97201239596184 0
381 1116.70847056474 1116.70847056474 0.49249789147027 1.97201239596184 0
382 1114.86830313065 1114.86830313065 0.49249789147027 1.97201239596184 0
383 1113.0276648655 1113.0276648655 0.49249789147027 1.97201239596184 0
384 1111.18757870016 1111.18757870016 0.49249789147027 1.97201239596184 0
385 1109.34906635885 1109.34906635885 0.49249789147027 1.97201239596184 0
386 1107.51009234179 1107.51009234179 0.49249789147027 1.97201239596184 0
387 1105.67167871726 1105.67167871726 0.49249789147027 1.97201239596184 0
388 1103.83484632792 1103.83484632792 0.49249789147027 1.97201239596184 0
389 1101.99756159142 1101.99756159142 0.49249789147027 1.97201239596184 0
390 1100.16084569864 1100.16084569864 0.49249789147027 1.97201239596184 0
391 1098.32571859906 1098.32571859906 0.49249789147027 1.97201239596184 0
392 1096.49014865515 1096.49014865515 0.49249789147027 1.97201239596184 0
393 1094.65515616951 1094.65515616951 0.49249789147027 1.97201239596184 0
394 1092.82176018471 1092.82176018471 0.49249789147027 1.97201239596184 0
395 1090.98793103785 1090.98793103785 0.49249789147027 1.97201239596184 0
396 1089.1546881303 1089.1546881303 0.49249789147027 1.97201239596184 0
397 1087.32304958427 1087.32304958427 0.49249789147027 1.97201239596184 0
398 1085.4909877417 1085.4909877417 0.49249789147027 1.97201239596184 0
399 1083.65952109002 1083.65952109002 0.49249789147027 1.97201239596184 0
400 1081.82865265207 1081.82865265207 0.49249789147027 1.97201239596184 0
401 1079.9993993017 1079.9993993017 0.49249789147027 1.97201239596184 0
402 1078.16973610222 1078.16973610222 0.49249789147027 1.97201239596184 0
403 1076.34068030089 1076.34068030089 0.49249789147027 1.97201239596184 0
404 1074.51324781904 1074.51324781904 0.49249789147027 1.97201239596184 0
405 1072.68541579852 1072.68541579852 0.49249789147027 1.97201239596184 0
406 1070.85820054012 1070.85820054012 0.49249789147027 1.97201239596184 0
407 1069.0326169981 1069.0326169981 0.49249789147027 1.97201239596184 0
408 1067.20664442599 1067.20664442599 0.49249789147027 1.97201239596184 0
409 1065.381298164 1065.381298164 0.49249789147027 1.97201239596184 0
410 1063.55759218448 1063.55759218448 0.49249789147027 1.97201239596184 0
411 1061.73350788548 1061.73350788548 0.49249789147027 1.97201239596184 0
412 1059.91005963224 1059.91005963224 0.49249789147027 1.97201239596184 0
413 1058.08826040106 1058.08826040106 0.49249789147027 1.97201239596184 0
414 1056.266093768 1056.266093768 0.49249789147027 1.97201239596184 0
415 1054.44457310867 1054.44457310867 0.49249789147027 1.97201239596184 0
416 1052.62471038828 1052.62471038828 0.49249789147027 1.97201239596184 0
417 1050.80449139533 1050.80449139533 0.49249789147027 1.97201239596184 0
418 1048.98492850091 1048.98492850091 0.49249789147027 1.97201239596184 0
419 1047.16703264374 1047.16703264374 0.49249789147027 1.97201239596184 0
420 1045.34879186 1045.34879186 0.49249789147027 1.97201239596184 0
421 1043.53121750035 1043.53121750035 0.49249789147027 1.97201239596184 0
422 1041.71531946329 1041.71531946329 0.49249789147027 1.97201239596184 0
423 1039.89908806666 1039.89908806666 0.49249789147027 1.97201239596184 0
424 1038.08353362646 1038.08353362646 0.49249789147027 1.97201239596184 0
425 1036.26966498275 1036.26966498275 0.49249789147027 1.97201239596184 0
426 1034.45547477454 1034.45547477454 0.49249789147027 1.97201239596184 0
427 1032.64197226575 1032.64197226575 0.49249789147027 1.97201239596184 0
428 1030.83016522238 1030.83016522238 0.49249789147027 1.97201239596184 0
429 1029.018048641 1029.018048641 0.49249789147027 1.97201239596184 0
430 1027.20663071826 1027.20663071826 0.49249789147027 1.97201239596184 0
431 1025.39591515776 1025.39591515776 0.49249789147027 1.97201239596184 0
432 1023.58690826582 1023.58690826582 0.49249789147027 1.97201239596184 0
433 1021.77760824197 1021.77760824197 0.49249789147027 1.97201239596184 0
434 1019.96902183514 1019.96902183514 0.49249789147027 1.97201239596184 0
435 1018.1621542381 1018.1621542381 0.49249789147027 1.97201239596184 0
436 1016.35500609902 1016.35500609902 0.49249789147027 1.97201239596184 0
437 1014.5485830598 1014.5485830598 0.49249789147027 1.97201239596184 0
438 1012.74388918256 1012.74388918256 0.49249789147027 1.97201239596184 0
439 1010.93892760316 1010.93892760316 0.49249789147027 1.97201239596184 0
440 1009.13470283989 1009.13470283989 0.49249789147027 1.97201239596184 0
441 1007.33221780719 1007.33221780719 0.49249789147027 1.97201239596184 0
442 1005.52947816842 1005.52947816842 0.49249789147027 1.97201239596184 0
443 1003.72748730135 1003.72748730135 0.49249789147027 1.97201239596184 0
444 1001.92724695372 1001.92724695372 0.49249789147027 1.97201239596184 0
445 1000.12676535869 1000.12676535869 0.49249789147027 1.97201239596184 0
446 998.327044736259 998.327044736259 0.49249789147027 1.97201239596184 0
447 996.529085648103 996.529085648103 0.49249789147027 1.97201239596184 0
448 994.730898939978 994.730898939978 0.49249789147027 1.97201239596184 0
449 992.933485655871 992.933485655871 0.49249789147027 1.97201239596184 0
450 991.137845152625 991.137845152625 0.49249789147027 1.97201239596184 0
451 989.341990932286 989.341990932286 0.49249789147027 1.97201239596184 0
452 987.546922843275 987.546922843275 0.49249789147027 1.97201239596184 0
453 985.753639019395 985.753639019395 0.49249789147027 1.97201239596184 0
454 983.960155662952 983.960155662952 0.49249789147027 1.97201239596184 0
455 982.167471407822 982.167471407822 0.49249789147027 1.97201239596184 0
456 980.376583145227 980.376583145227 0.49249789147027 1.97201239596184 0
457 978.585509822943 978.585509822943 0.49249789147027 1.97201239596184 0
458 976.795248840629 976.795248840629 0.49249789147027 1.97201239596184 0
459 975.00679582794 975.00679582794 0.49249789147027 1.97201239596184 0
460 973.218172523333 973.218172523333 0.49249789147027 1.97201239596184 0
461 971.430375073133 971.430375073133 0.49249789147027 1.97201239596184 0
462 969.643408045357 969.643408045357 0.49249789147027 1.97201239596184 0
463 967.858265353573 967.858265353573 0.49249789147027 1.97201239596184 0
464 966.072972533961 966.072972533961 0.49249789147027 1.97201239596184 0
465 964.288524028567 964.288524028567 0.49249789147027 1.97201239596184 0
466 962.505912441287 962.505912441287 0.49249789147027 1.97201239596184 0
467 960.723166210508 960.723166210508 0.49249789147027 1.97201239596184 0
468 958.941278476985 958.941278476985 0.49249789147027 1.97201239596184 0
469 957.161240513616 957.161240513616 0.49249789147027 1.97201239596184 0
470 955.381083710493 955.381083710493 0.49249789147027 1.97201239596184 0
471 953.601799886277 953.601799886277 0.49249789147027 1.97201239596184 0
472 951.824378959855 951.824378959855 0.49249789147027 1.97201239596184 0
473 950.046855325136 950.046855325136 0.49249789147027 1.97201239596184 0
474 948.270219456823 948.270219456823 0.49249789147027 1.97201239596184 0
475 946.495459897281 946.495459897281 0.49249789147027 1.97201239596184 0
476 944.72061409554 944.72061409554 0.49249789147027 1.97201239596184 0
477 942.946671160357 942.946671160357 0.49249789147027 1.97201239596184 0
478 941.174618235537 941.174618235537 0.49249789147027 1.97201239596184 0
479 939.402495877646 939.402495877646 0.49249789147027 1.97201239596184 0
480 937.631291807049 937.631291807049 0.49249789147027 1.97201239596184 0
481 935.861991745552 935.861991745552 0.49249789147027 1.97201239596184 0
482 934.092639411732 934.092639411732 0.49249789147027 1.97201239596184 0
483 932.324221114659 932.324221114659 0.49249789147027 1.97201239596184 0
484 930.557721130212 930.557721130212 0.49249789147027 1.97201239596184 0
485 928.791186393685 928.791186393685 0.49249789147027 1.97201239596184 0
486 927.025601779468 927.025601779468 0.49249789147027 1.97201239596184 0
487 925.261950094033 925.261950094033 0.49249789147027 1.97201239596184 0
488 923.498281545283 923.498281545283 0.49249789147027 1.97201239596184 0
489 921.735579549056 921.735579549056 0.49249789147027 1.97201239596184 0
490 919.973849660229 919.973849660229 0.49249789147027 1.97201239596184 0
491 918.214072689463 918.214072689463 0.49249789147027 1.97201239596184 0
492 916.454303296326 916.454303296326 0.49249789147027 1.97201239596184 0
493 914.695522914764 914.695522914764 0.49249789147027 1.97201239596184 0
494 912.938710825935 912.938710825935 0.49249789147027 1.97201239596184 0
495 911.18192509856 911.18192509856 0.49249789147027 1.97201239596184 0
496 909.426145650373 909.426145650373 0.49249789147027 1.97201239596184 0
497 907.672350209054 907.672350209054 0.49249789147027 1.97201239596184 0
498 905.918600312229 905.918600312229 0.49249789147027 1.97201239596184 0
499 904.165874335837 904.165874335837 0.49249789147027 1.97201239596184 0
500 902.415148427696 902.415148427696 0.49249789147027 1.97201239596184 0
501 900.664487656028 900.664487656028 0.49249789147027 1.97201239596184 0
502 898.914868828851 898.914868828851 0.49249789147027 1.97201239596184 0
503 897.167266486867 897.167266486867 0.49249789147027 1.97201239596184 0
504 895.41974929286 895.41974929286 0.49249789147027 1.97201239596184 0
505 893.673292459017 893.673292459017 0.49249789147027 1.97201239596184 0
506 891.928868892938 891.928868892938 0.49249789147027 1.97201239596184 0
507 890.184550914548 890.184550914548 0.49249789147027 1.97201239596184 0
508 888.441312114495 888.441312114495 0.49249789147027 1.97201239596184 0
509 886.700123737628 886.700123737628 0.49249789147027 1.97201239596184 0
510 884.959061828697 884.959061828697 0.49249789147027 1.97201239596184 0
511 883.219098327751 883.219098327751 0.49249789147027 1.97201239596184 0
512 881.481202788787 881.481202788787 0.49249789147027 1.97201239596184 0
513 879.743455047751 879.743455047751 0.49249789147027 1.97201239596184 0
514 878.006825366279 878.006825366279 0.49249789147027 1.97201239596184 0
515 876.272281578792 876.272281578792 0.49249789147027 1.97201239596184 0
516 874.537907380293 874.537907380293 0.49249789147027 1.97201239596184 0
517 872.850251110888 872.850251110888 0.49249789147027 1.97201239596184 0
518 871.265338081736 871.265338081736 0.49249789147027 1.97201239596184 0
519 869.793327201917 869.793327201917 0.49249789147027 1.97201239596184 0
520 868.447730731629 868.447730731629 0.49249789147027 1.97201239596184 0
521 867.238643463427 867.238643463427 0.49249789147027 1.97201239596184 0
522 866.177111748425 866.177111748425 0.49249789147027 1.97201239596184 0
523 865.269729912816 865.269729912816 0.49249789147027 1.97201239596184 0
524 864.525462597903 864.525462597903 0.49249789147027 1.97201239596184 0
525 863.949220647662 863.949220647662 0.49249789147027 1.97201239596184 0
526 863.547295413782 863.547295413782 0.49249789147027 1.97201239596184 0
527 863.321488313517 863.321488313517 0.49249789147027 1.97201239596184 0
528 863.274921105142 863.274921105142 0.49249789147027 1.97201239596184 0
529 863.406641607379 863.406641607379 0.49249789147027 1.97201239596184 0
530 863.716564297514 863.716564297514 0.49249789147027 1.97201239596184 0
531 864.202060476453 864.202060476453 0.49249789147027 1.97201239596184 0
532 864.85848376187 864.85848376187 0.49249789147027 1.97201239596184 0
533 865.681400294094 865.681400294094 0.49249789147027 1.97201239596184 0
534 866.664041741667 866.664041741667 0.49249789147027 1.97201239596184 0
535 867.724451945673 867.724451945673 0.49249789147027 1.97201239596184 0
536 868.78858845978 868.78858845978 0.49249789147027 1.97201239596184 0
537 869.856543977868 869.856543977868 0.49249789147027 1.97201239596184 0
538 870.927784776595 870.927784776595 0.49249789147027 1.97201239596184 0
539 872.001770709731 872.001770709731 0.49249789147027 1.97201239596184 0
540 873.079544173355 873.079544173355 0.49249789147027 1.97201239596184 0
541 874.160035441881 874.160035441881 0.49249789147027 1.97201239596184 0
542 875.244293347556 875.244293347556 0.49249789147027 1.97201239596184 0
543 876.331241844089 876.331241844089 0.49249789147027 1.97201239596184 0
544 877.421936153204 877.421936153204 0.49249789147027 1.97201239596184 0
545 878.515293961632 878.515293961632 0.49249789147027 1.97201239596184 0
546 879.612376830633 879.612376830633 0.49249789147027 1.97201239596184 0
547 880.712096227376 880.712096227376 0.49249789147027 1.97201239596184 0
548 881.81552000827 881.81552000827 0.49249789147027 1.97201239596184 0
549 882.922097214049 882.922097214049 0.49249789147027 1.97201239596184 0
550 884.031270717682 884.031270717682 0.49249789147027 1.97201239596184 0
551 885.144117737448 885.144117737448 0.49249789147027 1.97201239596184 0
552 886.259534397357 886.259534397357 0.49249789147027 1.97201239596184 0
553 887.378604095803 887.378604095803 0.49249789147027 1.97201239596184 0
554 888.500216903721 888.500216903721 0.49249789147027 1.97201239596184 0
555 889.625462355823 889.625462355823 0.49249789147027 1.97201239596184 0
556 890.753224518404 890.753224518404 0.49249789147027 1.97201239596184 0
557 891.884599016794 891.884599016794 0.49249789147027 1.97201239596184 0
558 893.019021336178 893.019021336178 0.49249789147027 1.97201239596184 0
559 894.155921010352 894.155921010352 0.49249789147027 1.97201239596184 0
560 895.296402718701 895.296402718701 0.49249789147027 1.97201239596184 0
561 896.439335713995 896.439335713995 0.49249789147027 1.97201239596184 0
562 897.585830657336 897.585830657336 0.49249789147027 1.97201239596184 0
563 898.734750957332 898.734750957332 0.49249789147027 1.97201239596184 0
564 899.887213210301 899.887213210301 0.49249789147027 1.97201239596184 0
565 901.042075024391 901.042075024391 0.49249789147027 1.97201239596184 0
566 902.200458892 902.200458892 0.49249789147027 1.97201239596184 0
567 903.361216666415 903.361216666415 0.49249789147027 1.97201239596184 0
568 904.525476685644 904.525476685644 0.49249789147027 1.97201239596184 0
569 905.69265852301 905.69265852301 0.49249789147027 1.97201239596184 0
570 906.862176048483 906.862176048483 0.49249789147027 1.97201239596184 0
571 908.035166288238 908.035166288238 0.49249789147027 1.97201239596184 0
572 909.210466913809 909.210466913809 0.49249789147027 1.97201239596184 0
573 910.389220692256 910.389220692256 0.49249789147027 1.97201239596184 0
574 911.570259699218 911.570259699218 0.49249789147027 1.97201239596184 0
575 912.754732396433 912.754732396433 0.49249789147027 1.97201239596184 0
576 913.941465310997 913.941465310997 0.49249789147027 1.97201239596184 0
577 915.13161255477 915.13161255477 0.49249789147027 1.97201239596184 0
578 916.324581201151 916.324581201151 0.49249789147027 1.97201239596184 0
579 917.51977281492 917.51977281492 0.49249789147027 1.97201239596184 0
580 918.718349909819 918.718349909819 0.49249789147027 1.97201239596184 0
581 919.919125325606 919.919125325606 0.49249789147027 1.97201239596184 0
582 921.123267120871 921.123267120871 0.49249789147027 1.97201239596184 0
583 922.329582740113 922.329582740113 0.49249789147027 1.97201239596184 0
584 923.539245742946 923.539245742946 0.49249789147027 1.97201239596184 0
585 924.751058219513 924.751058219513 0.49249789147027 1.97201239596184 0
586 925.96619919364 925.96619919364 0.49249789147027 1.97201239596184 0
587 927.183465440206 927.183465440206 0.49249789147027 1.97201239596184 0
588 928.404041402344 928.404041402344 0.49249789147027 1.97201239596184 0
589 929.627319484224 929.627319484224 0.49249789147027 1.97201239596184 0
590 930.852686820498 930.852686820498 0.49249789147027 1.97201239596184 0
591 932.081335902858 932.081335902858 0.49249789147027 1.97201239596184 0
592 933.312050416406 933.312050416406 0.49249789147027 1.97201239596184 0
593 934.546028171523 934.546028171523 0.49249789147027 1.97201239596184 0
594 935.78204768585 935.78204768585 0.49249789147027 1.97201239596184 0
595 937.021312044308 937.021312044308 0.49249789147027 1.97201239596184 0
596 938.26259464561 938.26259464561 0.49249789147027 1.97201239596184 0
597 939.50710380762 939.50710380762 0.49249789147027 1.97201239596184 0
598 940.754220416566 940.754220416566 0.49249789147027 1.97201239596184 0
599 942.003320274134 942.003320274134 0.49249789147027 1.97201239596184 0
600 943.255619476435 943.255619476435 0.49249789147027 1.97201239596184 0
601 944.509878792798 944.509878792798 0.49249789147027 1.97201239596184 0
602 945.767319449619 945.767319449619 0.49249789147027 1.97201239596184 0
603 947.026697242292 947.026697242292 0.49249789147027 1.97201239596184 0
604 948.289238486694 948.289238486694 0.49249789147027 1.97201239596184 0
605 949.55369403991 949.55369403991 0.49249789147027 1.97201239596184 0
606 950.821295273023 950.821295273023 0.49249789147027 1.97201239596184 0
607 952.090788142477 952.090788142477 0.49249789147027 1.97201239596184 0
608 953.36340903346 953.36340903346 0.49249789147027 1.97201239596184 0
609 954.638525324245 954.638525324245 0.49249789147027 1.97201239596184 0
610 955.915499532972 955.915499532972 0.49249789147027 1.97201239596184 0
611 957.195575488634 957.195575488634 0.49249789147027 1.97201239596184 0
612 958.477487077053 958.477487077053 0.49249789147027 1.97201239596184 0
613 959.762483045969 959.762483045969 0.49249789147027 1.97201239596184 0
614 961.049292515985 961.049292515985 0.49249789147027 1.97201239596184 0
615 962.339169114126 962.339169114126 0.49249789147027 1.97201239596184 0
616 963.630837240926 963.630837240926 0.49249789147027 1.97201239596184 0
617 964.925555359453 964.925555359453 0.49249789147027 1.97201239596184 0
618 966.222680245611 966.222680245611 0.49249789147027 1.97201239596184 0
619 967.521563988574 967.521563988574 0.49249789147027 1.97201239596184 0
620 968.823472238161 968.823472238161 0.49249789147027 1.97201239596184 0
621 970.127117756958 970.127117756958 0.49249789147027 1.97201239596184 0
622 971.433770938238 971.433770938238 0.49249789147027 1.97201239596184 0
623 972.742139959519 972.742139959519 0.49249789147027 1.97201239596184 0
624 974.053499919166 974.053499919166 0.49249789147027 1.97201239596184 0
625 975.366554442199 975.366554442199 0.49249789147027 1.97201239596184 0
626 976.682583295566 976.682583295566 0.49249789147027 1.97201239596184 0
627 978.000285593059 978.000285593059 0.49249789147027 1.97201239596184 0
628 979.320945731518 979.320945731518 0.49249789147027 1.97201239596184 0
629 980.643908056311 980.643908056311 0.49249789147027 1.97201239596184 0
630 981.968512431371 981.968512431371 0.49249789147027 1.97201239596184 0
631 983.296050131626 983.296050131626 0.49249789147027 1.97201239596184 0
632 984.625209146854 984.625209146854 0.49249789147027 1.97201239596184 0
633 985.957285293616 985.957285293616 0.49249789147027 1.97201239596184 0
634 987.290962175871 987.290962175871 0.49249789147027 1.97201239596184 0
635 988.62754011315 988.62754011315 0.49249789147027 1.97201239596184 0
636 989.965698357809 989.965698357809 0.49249789147027 1.97201239596184 0
637 991.30674169976 991.30674169976 0.49249789147027 1.97201239596184 0
638 992.650004727139 992.650004727139 0.49249789147027 1.97201239596184 0
639 993.994817708411 993.994817708411 0.49249789147027 1.97201239596184 0
640 995.342492067361 995.342492067361 0.49249789147027 1.97201239596184 0
641 996.691696337869 996.691696337869 0.49249789147027 1.97201239596184 0
642 998.04374632204 998.04374632204 0.49249789147027 1.97201239596184 0
643 999.397306325556 999.397306325556 0.49249789147027 1.97201239596184 0
644 1000.75369649717 1000.75369649717 0.49249789147027 1.97201239596184 0
645 1002.11157694986 1002.11157694986 0.49249789147027 1.97201239596184 0
646 1003.47227214085 1003.47227214085 0.49249789147027 1.97201239596184 0
647 1004.83443802814 1004.83443802814 0.49249789147027 1.97201239596184 0
648 1006.19940334121 1006.19940334121 0.49249789147027 1.97201239596184 0
649 1007.56649123298 1007.56649123298 0.49249789147027 1.97201239596184 0
650 1008.93502072178 1008.93502072178 0.49249789147027 1.97201239596184 0
651 1010.30632688644 1010.30632688644 0.49249789147027 1.97201239596184 0
652 1011.67905543918 1011.67905543918 0.49249789147027 1.97201239596184 0
653 1013.0545456492 1013.0545456492 0.49249789147027 1.97201239596184 0
654 1014.43143918932 1014.43143918932 0.49249789147027 1.97201239596184 0
655 1015.8110794829 1015.8110794829 0.49249789147027 1.97201239596184 0
656 1017.19210419645 1017.19210419645 0.49249789147027 1.97201239596184 0
657 1018.57586087926 1018.57586087926 0.49249789147027 1.97201239596184 0
658 1019.96166370185 1019.96166370185 0.49249789147027 1.97201239596184 0
659 1021.34882285747 1021.34882285747 0.49249789147027 1.97201239596184 0
660 1022.73869201578 1022.73869201578 0.49249789147027 1.97201239596184 0
661 1024.12989897022 1024.12989897022 0.49249789147027 1.97201239596184 0
662 1025.52380142962 1025.52380142962 0.49249789147027 1.97201239596184 0
663 1026.9190232923 1026.9190232923 0.49249789147027 1.97201239596184 0
664 1028.31692627984 1028.31692627984 0.49249789147027 1.97201239596184 0
665 1029.71613042736 1029.71613042736 0.49249789147027 1.97201239596184 0
666 1031.11800142904 1031.11800142904 0.49249789147027 1.97201239596184 0
667 1032.52115549631 1032.52115549631 0.49249789147027 1.97201239596184 0
668 1033.92696226302 1033.92696226302 0.49249789147027 1.97201239596184 0
669 1035.33472537919 1035.33472537919 0.49249789147027 1.97201239596184 0
670 1036.74374468434 1036.74374468434 0.49249789147027 1.97201239596184 0
671 1038.15539567156 1038.15539567156 0.49249789147027 1.97201239596184 0
672 1039.56828511359 1039.56828511359 0.49249789147027 1.97201239596184 0
673 1040.98379236679 1040.98379236679 0.49249789147027 1.97201239596184 0
674 1042.40052048632 1042.40052048632 0.49249789147027 1.97201239596184 0
675 1043.81985265887 1043.81985265887 0.49249789147027 1.97201239596184 0
676 1045.24038824984 1045.24038824984 0.49249789147027 1.97201239596184 0
677 1046.66351425151 1046.66351425151 0.49249789147027 1.97201239596184 0
678 1048.08852604681 1048.08852604681 0.49249789147027 1.97201239596184 0
679 1049.51471535485 1049.51471535485 0.49249789147027 1.97201239596184 0
680 1050.94347481219 1050.94347481219 0.49249789147027 1.97201239596184 0
681 1052.37339469103 1052.37339469103 0.49249789147027 1.97201239596184 0
682 1053.80587135192 1053.80587135192 0.49249789147027 1.97201239596184 0
683 1055.23949148192 1055.23949148192 0.49249789147027 1.97201239596184 0
684 1056.67565514086 1056.67565514086 0.49249789147027 1.97201239596184 0
685 1058.11294545552 1058.11294545552 0.49249789147027 1.97201239596184 0
686 1059.55276615155 1059.55276615155 0.49249789147027 1.97201239596184 0
687 1060.9936968326 1060.9936968326 0.49249789147027 1.97201239596184 0
688 1062.43714485966 1062.43714485966 0.49249789147027 1.97201239596184 0
689 1063.8823959289 1063.8823959289 0.49249789147027 1.97201239596184 0
690 1065.32873223153 1065.32873223153 0.49249789147027 1.97201239596184 0
691 1066.77756652924 1066.77756652924 0.49249789147027 1.97201239596184 0
692 1068.22746973039 1068.22746973039 0.49249789147027 1.97201239596184 0
693 1069.67985815994 1069.67985815994 0.49249789147027 1.97201239596184 0
694 1071.13329930381 1071.13329930381 0.49249789147027 1.97201239596184 0
695 1072.58921301784 1072.58921301784 0.49249789147027 1.97201239596184 0
696 1074.046163389 1074.046163389 0.49249789147027 1.97201239596184 0
697 1075.50557378086 1075.50557378086 0.49249789147027 1.97201239596184 0
698 1076.9667222869 1076.9667222869 0.49249789147027 1.97201239596184 0
699 1078.42888361417 1078.42888361417 0.49249789147027 1.97201239596184 0
700 1079.89348633436 1079.89348633436 0.49249789147027 1.97201239596184 0
701 1081.35908615741 1081.35908615741 0.49249789147027 1.97201239596184 0
702 1082.82711508697 1082.82711508697 0.49249789147027 1.97201239596184 0
703 1084.29612552998 1084.29612552998 0.49249789147027 1.97201239596184 0
704 1085.76755289979 1085.76755289979 0.49249789147027 1.97201239596184 0
705 1087.23994632725 1087.23994632725 0.49249789147027 1.97201239596184 0
706 1088.71474460515 1088.71474460515 0.49249789147027 1.97201239596184 0
707 1090.19049361305 1090.19049361305 0.49249789147027 1.97201239596184 0
708 1091.6686354996 1091.6686354996 0.49249789147027 1.97201239596184 0
709 1093.14843943242 1093.14843943242 0.49249789147027 1.97201239596184 0
710 1094.62917134921 1094.62917134921 0.49249789147027 1.97201239596184 0
711 1096.112278378 1096.112278378 0.49249789147027 1.97201239596184 0
712 1097.59629838571 1097.59629838571 0.49249789147027 1.97201239596184 0
713 1099.08268178907 1099.08268178907 0.49249789147027 1.97201239596184 0
714 1100.56996329885 1100.56996329885 0.49249789147027 1.97201239596184 0
715 1102.05959658839 1102.05959658839 0.49249789147027 1.97201239596184 0
716 1103.55011323703 1103.55011323703 0.49249789147027 1.97201239596184 0
717 1105.04297015032 1105.04297015032 0.49249789147027 1.97201239596184 0
718 1106.53742949287 1106.53742949287 0.49249789147027 1.97201239596184 0
719 1108.03275030616 1108.03275030616 0.49249789147027 1.97201239596184 0
720 1109.53039430081 1109.53039430081 0.49249789147027 1.97201239596184 0
721 1111.02888533544 1111.02888533544 0.49249789147027 1.97201239596184 0
722 1112.52968828352 1112.52968828352 0.49249789147027 1.97201239596184 0
723 1114.03132396198 1114.03132396198 0.49249789147027 1.97201239596184 0
724 1115.53526038817 1115.53526038817 0.49249789147027 1.97201239596184 0
725 1117.04001535915 1117.04001535915 0.49249789147027 1.97201239596184 0
726 1118.547060009 1118.547060009 0.49249789147027 1.97201239596184 0
727 1120.11088783479 1120.11088783479 0.49249789147027 1.97201239596184 0
728 1121.77903957682 1121.77903957682 0.49249789147027 1.97201239596184 0
729 1123.5363068437 1123.5363068437 0.49249789147027 1.97201239596184 0
730 1125.37193151024 1125.37193151024 0.49249789147027 1.97201239596184 0
731 1127.26934850622 1127.26934850622 0.49249789147027 1.97201239596184 0
732 1129.21572899591 1129.21572899591 0.49249789147027 1.97201239596184 0
733 1131.19463325206 1131.19463325206 0.49249789147027 1.97201239596184 0
734 1133.19123783242 1133.19123783242 0.49249789147027 1.97201239596184 0
735 1135.1900181883 1135.1900181883 0.49249789147027 1.97201239596184 0
736 1137.17632939247 1137.17632939247 0.49249789147027 1.97201239596184 0
737 1139.13484374157 1139.13484374157 0.49249789147027 1.97201239596184 0
738 1141.05184857128 1141.05184857128 0.49249789147027 1.97201239596184 0
739 1142.91145243349 1142.91145243349 0.49249789147027 1.97201239596184 0
740 1144.70008401372 1144.70008401372 0.49249789147027 1.97201239596184 0
741 1146.40568407264 1146.40568407264 0.49249789147027 1.97201239596184 0
742 1148.01402064674 1148.01402064674 0.49249789147027 1.97201239596184 0
743 1149.51459837785 1149.51459837785 0.49249789147027 1.97201239596184 0
744 1150.89690211506 1150.89690211506 0.49249789147027 1.97201239596184 0
745 1152.21535382479 1152.21535382479 0.49249789147027 1.97201239596184 0
746 1153.53503535862 1153.53503535862 0.49249789147027 1.97201239596184 0
747 1154.85740305125 1154.85740305125 0.49249789147027 1.97201239596184 0
748 1156.18171920609 1156.18171920609 0.49249789147027 1.97201239596184 0
749 1157.50724183074 1157.50724183074 0.49249789147027 1.97201239596184 0
750 1158.83543379809 1158.83543379809 0.49249789147027 1.97201239596184 0
751 1160.16555423084 1160.16555423084 0.49249789147027 1.97201239596184 0
752 1161.49685799922 1161.49685799922 0.49249789147027 1.97201239596184 0
753 1162.83081444849 1162.83081444849 0.49249789147027 1.97201239596184 0
754 1164.16667955339 1164.16667955339 0.49249789147027 1.97201239596184 0
755 1165.50370508028 1165.50370508028 0.49249789147027 1.97201239596184 0
756 1166.84336678014 1166.84336678014 0.49249789147027 1.97201239596184 0
757 1168.18491751308 1168.18491751308 0.49249789147027 1.97201239596184 0
758 1169.52760597333 1169.52760597333 0.49249789147027 1.97201239596184 0
759 1170.87291425323 1170.87291425323 0.49249789147027 1.97201239596184 0
760 1172.22009212961 1172.22009212961 0.49249789147027 1.97201239596184 0
761 1173.56913316399 1173.56913316399 0.49249789147027 1.97201239596184 0
762 1174.91928200651 1174.91928200651 0.49249789147027 1.97201239596184 0
763 1176.27202910152 1176.27202910152 0.49249789147027 1.97201239596184 0
764 1177.62662016664 1177.62662016664 0.49249789147027 1.97201239596184 0
765 1178.98229685505 1178.98229685505 0.49249789147027 1.97201239596184 0
766 1180.34055580136 1180.34055580136 0.49249789147027 1.97201239596184 0
767 1181.70063971602 1181.70063971602 0.49249789147027 1.97201239596184 0
768 1183.06178728512 1183.06178728512 0.49249789147027 1.97201239596184 0
769 1184.42550127168 1184.42550127168 0.49249789147027 1.97201239596184 0
770 1185.79102140942 1185.79102140942 0.49249789147027 1.97201239596184 0
771 1187.15758345006 1187.15758345006 0.49249789147027 1.97201239596184 0
772 1188.52669622012 1188.52669622012 0.49249789147027 1.97201239596184 0
773 1189.89759650894 1189.89759650894 0.49249789147027 1.97201239596184 0
774 1191.26951716407 1191.26951716407 0.49249789147027 1.97201239596184 0
775 1192.64397301413 1192.64397301413 0.49249789147027 1.97201239596184 0
776 1194.02019793412 1194.02019793412 0.49249789147027 1.97201239596184 0
777 1195.39742189807 1195.39742189807 0.49249789147027 1.97201239596184 0
778 1196.77716567513 1196.77716567513 0.49249789147027 1.97201239596184 0
779 1198.15866025645 1198.15866025645 0.49249789147027 1.97201239596184 0
780 1199.54113277261 1199.54113277261 0.49249789147027 1.97201239596184 0
781 1200.92610987281 1200.92610987281 0.49249789147027 1.97201239596184 0
782 1202.31281969303 1202.31281969303 0.49249789147027 1.97201239596184 0
783 1203.7004865516 1203.7004865516 0.49249789147027 1.97201239596184 0
784 1205.09064291645 1205.09064291645 0.49249789147027 1.97201239596184 0
785 1206.4825140997 1206.4825140997 0.49249789147027 1.97201239596184 0
786 1207.87532163537 1207.87532163537 0.49249789147027 1.97201239596184 0
787 1209.27060375085 1209.27060375085 0.49249789147027 1.97201239596184 0
788 1210.6675829639 1210.6675829639 0.49249789147027 1.97201239596184 0
789 1212.06547805359 1212.06547805359 0.49249789147027 1.97201239596184 0
790 1213.46583294686 1213.46583294686 0.49249789147027 1.97201239596184 0
791 1214.86786739704 1214.86786739704 0.49249789147027 1.97201239596184 0
792 1216.27157559666 1216.27157559666 0.49249789147027 1.97201239596184 0
793 1217.67617269408 1217.67617269408 0.49249789147027 1.97201239596184 0
794 1219.08321012686 1219.08321012686 0.49249789147027 1.97201239596184 0
795 1220.49190400618 1220.49190400618 0.49249789147027 1.97201239596184 0
796 1221.90146679269 1221.90146679269 0.49249789147027 1.97201239596184 0
797 1223.31345548812 1223.31345548812 0.49249789147027 1.97201239596184 0
798 1224.72708350545 1224.72708350545 0.49249789147027 1.97201239596184 0
799 1226.14156064493 1226.14156064493 0.49249789147027 1.97201239596184 0
800 1227.55844941575 1227.55844941575 0.49249789147027 1.97201239596184 0
801 1228.97696056007 1228.97696056007 0.49249789147027 1.97201239596184 0
802 1230.39630124631 1230.39630124631 0.49249789147027 1.97201239596184 0
803 1231.81803943392 1231.81803943392 0.49249789147027 1.97201239596184 0
804 1233.24138322313 1233.24138322313 0.49249789147027 1.97201239596184 0
805 1234.66553717648 1234.66553717648 0.49249789147027 1.97201239596184 0
806 1236.0920746486 1236.0920746486 0.49249789147027 1.97201239596184 0
807 1237.52020112487 1237.52020112487 0.49249789147027 1.97201239596184 0
808 1238.94911859035 1238.94911859035 0.49249789147027 1.97201239596184 0
809 1240.38040573708 1240.38040573708 0.49249789147027 1.97201239596184 0
810 1241.81326546461 1241.81326546461 0.49249789147027 1.97201239596184 0
811 1243.24689720641 1243.24689720641 0.49249789147027 1.97201239596184 0
812 1244.68288493847 1244.68288493847 0.49249789147027 1.97201239596184 0
813 1246.12042899996 1246.12042899996 0.49249789147027 1.97201239596184 0
814 1247.55872629986 1247.55872629986 0.49249789147027 1.97201239596184 0
815 1248.99936604371 1248.99936604371 0.49249789147027 1.97201239596184 0
816 1250.44154603697 1250.44154603697 0.49249789147027 1.97201239596184 0
817 1251.88446069044 1251.88446069044 0.49249789147027 1.97201239596184 0
818 1253.32970438561 1253.32970438561 0.49249789147027 1.97201239596184 0
819 1254.77647241989 1254.77647241989 0.49249789147027 1.97201239596184 0
820 1256.22475952739 1256.22475952739 0.49249789147027 1.97201239596184 0
821 1257.67375682744 1257.67375682744 0.49249789147027 1.97201239596184 0
822 1259.12506552084 1259.12506552084 0.49249789147027 1.97201239596184 0
823 1260.57787760224 1260.57787760224 0.49249789147027 1.97201239596184 0
824 1262.03138175373 1262.03138175373 0.49249789147027 1.97201239596184 0
825 1263.48718422817 1263.48718422817 0.49249789147027 1.97201239596184 0
826 1264.9444745733 1264.9444745733 0.49249789147027 1.97201239596184 0
827 1266.40243905856 1266.40243905856 0.49249789147027 1.97201239596184 0
828 1267.8626889371 1267.8626889371 0.49249789147027 1.97201239596184 0
829 1269.3244113352 1269.3244113352 0.49249789147027 1.97201239596184 0
830 1270.78679013493 1270.78679013493 0.49249789147027 1.97201239596184 0
831 1272.25144153785 1272.25144153785 0.49249789147027 1.97201239596184 0
832 1273.71755027385 1273.71755027385 0.49249789147027 1.97201239596184 0
833 1275.18429786271 1275.18429786271 0.49249789147027 1.97201239596184 0
834 1276.6533054037 1276.6533054037 0.49249789147027 1.97201239596184 0
835 1278.12375525524 1278.12375525524 0.49249789147027 1.97201239596184 0
836 1279.59482659877 1279.59482659877 0.49249789147027 1.97201239596184 0
837 1281.06814538118 1281.06814538118 0.49249789147027 1.97201239596184 0
838 1282.542891614 1282.542891614 0.49249789147027 1.97201239596184 0
839 1284.01824216454 1284.01824216454 0.49249789147027 1.97201239596184 0
840 1285.49582777751 1285.49582777751 0.49249789147027 1.97201239596184 0
841 1286.97482614237 1286.97482614237 0.49249789147027 1.97201239596184 0
842 1288.45441183468 1288.45441183468 0.49249789147027 1.97201239596184 0
843 1289.93622034926 1289.93622034926 0.49249789147027 1.97201239596184 0
844 1291.41942707647 1291.41942707647 0.49249789147027 1.97201239596184 0
845 1292.90320432565 1292.90320432565 0.49249789147027 1.97201239596184 0
846 1294.3891922906 1294.3891922906 0.49249789147027 1.97201239596184 0
847 1295.87656408767 1295.87656408767 0.49249789147027 1.97201239596184 0
848 1297.36448978286 1297.36448978286 0.49249789147027 1.97201239596184 0
849 1298.85461422149 1298.85461422149 0.49249789147027 1.97201239596184 0
850 1300.34610826863 1300.34610826863 0.49249789147027 1.97201239596184 0
851 1301.83896721609 1301.83896721609 0.49249789147027 1.97201239596184 0
852 1303.33235817598 1303.33235817598 0.49249789147027 1.97201239596184 0
853 1304.82793212181 1304.82793212181 0.49249789147027 1.97201239596184 0
854 1306.32485695208 1306.32485695208 0.49249789147027 1.97201239596184 0
855 1307.82229758941 1307.82229758941 0.49249789147027 1.97201239596184 0
856 1309.32190954752 1309.32190954752 0.49249789147027 1.97201239596184 0
857 1310.82285852819 1310.82285852819 0.49249789147027 1.97201239596184 0
858 1312.32430728686 1312.32430728686 0.49249789147027 1.97201239596184 0
859 1313.82791583171 1313.82791583171 0.49249789147027 1.97201239596184 0
860 1315.33284768966 1315.33284768966 0.49249789147027 1.97201239596184 0
861 1316.8382634715 1316.8382634715 0.49249789147027 1.97201239596184 0
862 1318.34582763386 1318.34582763386 0.49249789147027 1.97201239596184 0
863 1319.85470155143 1319.85470155143 0.49249789147027 1.97201239596184 0
864 1321.36404371158 1321.36404371158 0.49249789147027 1.97201239596184 0
865 1322.87552297496 1322.87552297496 0.49249789147027 1.97201239596184 0
866 1324.38829858481 1324.38829858481 0.49249789147027 1.97201239596184 0
867 1325.90152692847 1325.90152692847 0.49249789147027 1.97201239596184 0
868 1327.41688122423 1327.41688122423 0.49249789147027 1.97201239596184 0
869 1328.93351860682 1328.93351860682 0.49249789147027 1.97201239596184 0
870 1330.45059338429 1330.45059338429 0.49249789147027 1.97201239596184 0
