122652.56 9573.4063127063 9573.4063127063 0.633991452153197 2.10687038090219 0
123072.56 10275.5437845696 10275.5437845696 0.636215770355654 2.10411702507178 0
123492.56 18461.6016610695 18461.6016610695 0.633177206444391 2.10311146942665 0
123912.56 12442.8985884113 12442.8985884113 0.633991452153197 2.10687038090219 0
124332.56 6641.63286573536 6641.63286573536 0.636215770355654 2.10411702507178 0
124752.56 15171.3778386786 15171.3778386786 0.633177206444391 2.10311146942665 0
125172.56 15977.3933449343 15977.3933449343 0.633991452153197 2.10687038090219 0
125592.56 6063.64074754679 6063.64074754679 0.636215770355654 2.10411702507178 0
126012.56 13469.3646491837 13469.3646491837 0.633177206444391 2.10311146942665 0
126432.56 20084.2164129002 20084.2164129002 0.633991452153197 2.10687038090219 0
126852.56 8301.92322313068 8301.92322313068 0.636215770355654 2.10411702507178 0
127272.56 13475.0958889445 13475.0958889445 0.633177206444391 2.10311146942665 0
