122654.01 9577.23707061689 9581.93904308651 0.633991452153197 2.10687038090219 0
123074.01 10271.8534667765 10280.2157988604 0.636215770355654 2.10411702507178 0
123494.01 18457.822174451 18462.3052678564 0.633177206444391 2.10311146942665 0
123914.01 12446.3260005109 12450.1067744339 0.633991452153197 2.10687038090219 0
124334.01 6639.10786488689 6643.41676240687 0.636215770355654 2.10411702507178 0
124754.01 15165.1530659146 15170.0077361817 0.633177206444391 2.10311146942665 0
125174.01 15984.1496405385 15989.0322790096 0.633991452153197 2.10687038090219 0
125594.01 6066.08806142269 6072.44482187439 0.636215770355654 2.10411702507178 0
126014.01 13468.071077803 13473.67735491 0.633177206444391 2.10311146942665 0
126434.01 20089.7959704497 20096.968855693 0.633991452153197 2.10687038090219 0
126854.01 8306.09589593408 8310.39212199484 0.636215770355654 2.10411702507178 0
