1 -1200.15211231919
2 -1199.77773933649
3 -1199.82706007812
4 -1200.66525703574
5 -1200.17875265781
6 -1199.72158305346
7 -1199.71865160564
8 -1199.77757989031
9 -1200.0333373993
10 -1200.31494521316
11 -1200.23271547092
12 -1200.08148061317
13 -1200.01671096151
14 -1199.5993517339
15 -1199.6491622804
16 -1200.39338575061
17 -1200.00019386724
18 -1200.49629875326
19 -1200.309366276
20 -1199.96243731267
21 -1200.38516105477
22 -1200.00235512102
23 -1199.97153891735
24 -1199.96867190508
25 -1199.97818893879
26 -1199.73011018736
27 -1199.84504799046
28 -1199.67615266859
29 -1200.27316285583
30 -1199.85963360913
31 -1200.17562386601
32 -1200.30220652283
33 -1199.96206248393
34 -1199.82766547078
35 -1199.67075132271
36 -1199.92392623517
37 -1199.85344508027
38 -1199.60060984605
39 -1200.03667419041
40 -1199.74473001659
41 -1200.30504896857
42 -1200.73494237903
43 -1199.96079957523
44 -1200.2497990796
45 -1200.28429604131
46 -1200.31499106412
47 -1200.10057888108
48 -1199.76486771587
49 -1199.76457173762
50 -1199.91142420914
51 -1200.41459950436
52 -1200.10976334323
53 -1200.07853979129
54 -1199.6310020941
55 -1200.48047341383
56 -1199.94338150622
57 -1199.75170832288
58 -1199.92585685837
59 -1199.81336606429
60 -1200.30490668365
61 -1199.79952143046
62 -1200.00674341931
63 -1200.18993653326
64 -1199.93390394798
65 -1200.03155980101
66 -1200.46109855058
67 -1199.35137573079
68 -1200.05929137062
69 -1199.58838179548
70 -1199.94522273499
71 -1199.74364421614
72 -1199.64846765981
73 -1199.90360521604
74 -1199.81007532147
75 -1199.97903776886
76 -1200.3453424969
77 -1199.97917363252
78 -1199.87490036508
79 -1199.83185577982
80 -1200.19999094776
81 -1200.02053294105
82 -1200.22694054991
83 -1199.84213471462
84 -1199.7810338719
85 -1200.37093590086
86 -1200.15844532213
87 -1200.21473875196
88 -1199.99566920626
89 -1200.08314690888
90 -1199.99789166451
91 -1200.09636843949
92 -1199.85767843125
93 -1199.79010175325
94 -1200.23448986744
95 -1199.67717174153
96 -1200.2135469614
97 -1199.5172431241
98 -1200.47727961824
99 -1200.44365638886
100 -1199.61864770333
101 -1200.50688798372
102 -1200.12665202899
103 -1199.90213408425
104 -1200.02627307446
105 -1199.94749805029
106 -1199.58825928374
107 -1200.04511301022
108 -1199.86272347308
109 -1199.97272809659
110 -1200.43352691981
111 -1200.44819431733
112 -1200.12791226956
113 -1199.96943156153
114 -1200.61356343184
115 -1200.50932820559
116 -1199.3738788524
117 -1199.69145407185
118 -1200.39253413695
119 -1199.99314515493
120 -1200.10324011217
121 -1200.0203623241
122 -1199.65926803579
123 -1199.9332971553
124 -1200.0639944751
125 -1200.70513791525
126 -1199.70641998042
127 -1199.96936143449
128 -1199.65678551417
129 -1199.71468397166
130 -1199.65788788325
131 -1200.38187268418
132 -1200.04707495065
133 -1199.99550101441
134 -1199.77694587509
135 -1199.79459884198
136 -1199.78049496333
137 -1199.40815237913
138 -1199.4952795098
139 -1200.21972316622
140 -1200.23960549496
141 -1199.85429764094
142 -1199.52136536019
143 -1200.25558942222
144 -1199.79404985721
145 -1199.80644621565
146 -1199.71185282035
147 -1199.81468648991
148 -1199.90863969822
149 -1199.84428388047
150 -1199.73840540215
151 -1199.98188214933
152 -1200.38408323374
153 -1200.11324896588
154 -1200.14336970062
155 -1200.23018850011
156 -1200.426719169
157 -1200.48461767656
158 -1199.56683644579
159 -1200.18250327666
160 -1199.54942298341
161 -1200.24032387248
162 -1200.25986930887
163 -1199.81106242664
164 -1199.88845059347
165 -1200.07415874488
166 -1199.7860101959
167 -1199.77706046996
168 -1199.80186368954
169 -1200.04107312339
170 -1199.78339732889
171 -1199.95323706471
172 -1199.55080853385
173 -1200.58133404049
174 -1199.22211179431
175 -1200.07073346444
176 -1200.1752045922
177 -1200.4954185499
178 -1199.86237402222
179 -1199.8868415683
180 -1199.97745817859
181 -1200.07083387647
182 -1199.58005154142
183 -1199.72027075346
184 -1199.44516014102
185 -1200.12905344829
186 -1200.0469852198
187 -1199.95246449336
188 -1200.10217045827
189 -1200.43765700699
190 -1200.01654921799
191 -1200.773030935
192 -1199.88241724545
193 -1200.69707791678
194 -1199.68927228014
195 -1199.61703971432
196 -1200.06939449877
197 -1199.81181567454
198 -1199.62873326666
199 -1199.62390564394
200 -1200.7578133186
201 -1200.23487976613
202 -1200.06096962537
203 -1200.35535832658
204 -1200.31519116445
205 -1200.48382263361
206 -1199.60399883289
207 -1199.9950445415
208 -1200.47192617328
209 -1199.99518646849
210 -1200.18705493407
211 -1200.28104981063
212 -1200.39407521085
213 -1199.85599923212
214 -1199.77538705926
215 -1200.02901942463
216 -1199.59261575796
217 -1200.0165460149
218 -1199.72010696932
219 -1200.15717235284
220 -1199.74300832749
221 -1200.15699999298
222 -1200.01550620345
223 -1200.06092384671
224 -1199.89550930829
225 -1199.63385956171
226 -1200.0171393463
227 -1200.27865537117
228 -1200.14539871335
229 -1200.32238535379
230 -1200.45968301834
231 -1199.48866545009
232 -1199.93465386024
233 -1199.69955605288
234 -1199.99861749067
235 -1199.96926181989
236 -1200.026559634
237 -1200.23434373276
238 -1199.43235823884
239 -1200.21237401137
240 -1199.985163701
241 -1199.98340045601
242 -1199.78265252181
243 -1200.00616960431
244 -1200.28696379664
245 -1200.21518523857
246 -1199.93708886492
247 -1200.34853045825
248 -1199.64927070014
249 -1200.32060507494
250 -1200.1614645904
251 -1200.08358664488
252 -1200.50650232404
253 -1199.85055185988
254 -1200.1533940938
255 -1199.95309609388
256 -1199.3733864876
257 -1199.8930332415
258 -1199.9990422503
259 -1200.3651329952
260 -1200.66019638591
261 -1200.2607059828
262 -1200.15619053854
263 -1200.12123268899
264 -1200.63282722767
265 -1199.917075606
266 -1199.97358395264
267 -1199.63233169632
268 -1199.50137304815
269 -1199.80442999074
270 -1200.18535639949
271 -1199.3852537387
272 -1199.50558933757
273 -1200.14363586314
274 -1200.30038102398
275 -1199.98586351843
276 -1200.47470451025
277 -1200.04552425359
278 -1199.40528045034
279 -1200.32677537317
280 -1199.85029018849
281 -1199.36200278323
282 -1199.49321347257
283 -1199.70142944772
284 -1199.71666049867
285 -1199.6392535626
286 -1200.00136415761
287 -1199.53711925211
288 -1199.81676951702
289 -1200.32803053191
290 -1199.96860602302
291 -1199.65954235333
292 -1200.30474054651
293 -1199.52001726631
294 -1200.61348671489
295 -1199.63010916388
296 -1199.99574370543
297 -1200.29150012199
298 -1199.70324144658
299 -1200.0470807658
300 -1200.12153918213
301 -1199.41977672375
302 -1200.12243412481
303 -1199.9272394432
304 -1200.08061322557
305 -1200.11001477565
306 -1200.34652851593
307 -1200.16412932917
308 -1200.36781560917
309 -1200.08925157042
310 -1199.81376588135
311 -1199.94231745414
312 -1199.98843791201
313 -1199.78265044581
314 -1200.33475456541
315 -1199.82951370928
316 -1199.75477617088
317 -1199.69675344596
318 -1200.82146681816
319 -1200.03186512256
320 -1200.1259357811
321 -1200.70779378213
322 -1199.91039309057
323 -1200.52100209006
324 -1200.23984703627
325 -1200.0722282672
326 -1200.09198076113
327 -1200.08822335061
328 -1200.40964976759
329 -1200.0940516791
330 -1199.84171626336
331 -1200.62605751394
332 -1199.8624196933
333 -1200.10030634408
334 -1199.77604089009
335 -1199.72738623698
336 -1200.09172930225
337 -1200.2276644816
338 -1199.81681355554
339 -1200.1092832786
340 -1200.1858101281
341 -1199.74373729264
342 -1200.287390966
343 -1199.66436537474
344 -1199.65548598712
345 -1199.63895423524
346 -1199.98384183186
347 -1200.28600174551
348 -1200.13426983066
349 -1199.85028789312
350 -1199.76978060317
351 -1199.9900973113
352 -1200.3300874163
353 -1200.02460927744
354 -1200.14591282847
355 -1199.83715086481
356 -1199.81432246685
357 -1200.5320766455
358 -1200.69346483689
359 -1200.58851041743
360 -1199.85891350371
361 -1199.97945269222
362 -1200.47170654765
363 -1200.04370907359
364 -1199.72382786296
365 -1200.17777074183
366 -1200.63983123678
367 -1200.21015527027
368 -1199.96394295307
369 -1200.09929392117
370 -1200.11700032656
371 -1199.93646619589
372 -1199.73001851456
373 -1200.56345750799
374 -1200.75270153439
375 -1200.25001448214
376 -1200.62633069255
377 -1199.97420959938
378 -1200.18456006906
379 -1200.39442962049
380 -1200.32701124988
381 -1200.60807335398
382 -1199.7974905291
383 -1199.98772655715
384 -1200.1358629075
385 -1199.99034570415
386 -1200.54292817697
387 -1199.53976866982
388 -1199.898064088
389 -1200.18202705821
390 -1200.00233387859
391 -1199.68898056768
392 -1199.70239246685
393 -1199.95026475032
394 -1199.88536757556
395 -1199.8673754537
396 -1199.65284363285
397 -1200.3027722752
398 -1200.04376821245
399 -1199.7064412473
400 -1199.98250368146
401 -1200.38680310002
402 -1200.09259178894
403 -1199.74876358844
404 -1200.21412632105
405 -1200.63438520134
406 -1200.02352590851
407 -1199.98786342565
408 -1200.38717357119
409 -1200.00169053916
410 -1200.05098945735
411 -1200.70474524488
412 -1199.71844684017
413 -1199.85696977859
414 -1200.06699976107
415 -1200.03094995028
416 -1200.30021080161
417 -1199.80704536969
418 -1199.83792525812
419 -1200.16611151138
420 -1199.93389401053
421 -1200.08378112989
422 -1199.97963910959
423 -1199.83680088297
424 -1200.38412451869
425 -1199.75106964781
426 -1200.00675087932
427 -1200.39850474228
428 -1199.3163114596
429 -1199.83090862721
430 -1199.99337522039
431 -1199.43583058188
432 -1199.76693375791
433 -1200.22313332344
434 -1199.68922779586
435 -1200.55734920957
436 -1199.80422192066
437 -1199.67250178738
438 -1199.79432553278
439 -1199.49159282275
440 -1200.1855254518
441 -1199.68634767531
442 -1199.89294450265
443 -1200.19324070803
444 -1199.59251541638
445 -1200.17364917223
446 -1199.64799982078
447 -1200.57337719081
448 -1199.95552220396
449 -1200.39381921199
450 -1200.08006612839
451 -1200.23688603267
452 -1200.02090192751
453 -1200.30691369871
454 -1200.16817848155
455 -1200.06349351726
456 -1199.74707043895
457 -1199.87274035411
458 -1199.90139438089
459 -1199.74541450269
460 -1199.87984908358
461 -1200.46436355171
462 -1199.63660917321
463 -1199.74406334325
464 -1199.99222378284
465 -1199.73170642556
466 -1200.43862793511
467 -1200.2640279277
468 -1199.61468229775
469 -1200.20467831091
470 -1200.01112812027
471 -1199.99212031881
472 -1200.27820390904
473 -1199.94527603865
474 -1199.93645561299
475 -1200.02221685291
476 -1200.32462827541
477 -1200.17166195489
478 -1200.24583347624
479 -1200.16706151869
480 -1199.70782555892
481 -1199.79636823028
482 -1199.90860148209
483 -1200.31552668538
484 -1199.3800154646
485 -1200.4268104903
486 -1199.63569143762
487 -1199.93069262947
488 -1200.04262854409
489 -1200.23415382962
490 -1199.98228655499
491 -1199.26246195951
492 -1199.99086519773
493 -1200.29717635885
494 -1200.17591587747
495 -1199.30609168678
496 -1200.28419479463
497 -1200.02811158525
498 -1200.34661398356
499 -1199.98830880744
500 -1199.5071701298
501 -1200.33184514896
502 -1199.72046100828
503 -1199.46578251837
504 -1199.39185381916
505 -1199.77586547455
506 -1199.99475199886
507 -1200.1029848149
508 -1200.17066490447
509 -1199.79523725644
510 -1200.05826014186
511 -1199.74492618337
512 -1200.36565732909
513 -1200.1247549252
514 -1199.70241661891
515 -1199.62755607767
516 -1199.98625838968
517 -1200.24421810638
518 -1200.3790965197
519 -1199.61170621405
520 -1199.86911388785
521 -1200.69997120161
522 -1199.88347306706
523 -1199.68514482668
524 -1199.75380523468
525 -1199.69571078669
526 -1199.92449886215
527 -1200.13159274876
528 -1200.03683013125
529 -1200.58951124367
530 -1200.69515438111
531 -1200.29096984788
532 -1199.79255238732
533 -1200.09384569922
534 -1200.00922337594
535 -1199.78211082971
536 -1200.09171303618
537 -1199.68749330653
538 -1199.77950048027
539 -1199.83964707435
540 -1199.6489597817
541 -1199.58220239421
542 -1199.81056346062
543 -1200.18986412676
544 -1200.00792110491
545 -1200.36282841401
546 -1200.06830809385
547 -1199.53943920176
548 -1200.40643988479
549 -1199.99262556372
550 -1199.64496199704
551 -1200.08343449638
552 -1200.49968602556
553 -1199.72492917915
554 -1199.73858132289
555 -1200.2053926868
556 -1200.15924868673
557 -1199.76528279926
558 -1199.71164577105
559 -1200.29333391223
560 -1200.03602940727
561 -1199.36075861671
562 -1200.01683030844
563 -1199.81520678991
564 -1200.07151655771
565 -1200.17572598751
566 -1199.83233797367
567 -1199.7883194126
568 -1200.58044930109
569 -1199.62824229773
570 -1199.69136455566
571 -1200.02333532419
572 -1199.51531499958
573 -1199.85200641873
574 -1200.58626298753
575 -1199.9864168393
576 -1199.86399797071
577 -1200.64238409215
578 -1200.03861772421
579 -1199.15097673736
580 -1200.24848701636
581 -1200.07962350222
582 -1199.76741851916
583 -1200.15053688276
584 -1200.37285443181
585 -1200.44488262765
586 -1200.1947627547
587 -1199.64802823253
588 -1200.09654035087
589 -1199.69361221929
590 -1200.03971786384
591 -1200.34403615797
592 -1199.92937446858
593 -1200.04972904886
594 -1200.10157401682
595 -1199.82390055644
596 -1200.28195387197
597 -1199.58450702883
598 -1200.00885815766
599 -1199.47748737801
600 -1200.27457027525
601 -1199.56837059875
602 -1199.94670225068
603 -1199.54940375177
604 -1200.03648527559
605 -1199.77141372166
606 -1199.34071877183
607 -1200.0462141372
608 -1199.75491665283
609 -1199.76012281346
610 -1199.80771570769
611 -1199.56115774421
612 -1200.25645534079
613 -1200.26127015333
614 -1200.41273475975
615 -1199.8811892446
616 -1200.06485292374
617 -1199.95827124807
618 -1199.84367911292
619 -1200.00539301682
620 -1200.13437416502
621 -1199.92031634565
622 -1199.87435700944
623 -1199.78707940502
624 -1199.85404056307
625 -1200.04651458604
626 -1200.02794483555
627 -1200.22859500348
628 -1199.69300715683
629 -1200.03688435442
630 -1199.90721596985
631 -1200.37924846272
632 -1199.56437778675
633 -1199.95332677697
634 -1200.46715493033
635 -1199.9357039906
636 -1199.92807680139
637 -1200.52824716395
638 -1199.93218816176
639 -1199.97415504749
640 -1199.94999403435
641 -1200.08019565296
642 -1200.13587747475
643 -1200.10397628215
644 -1199.90684558731
645 -1200.08193519724
646 -1199.7041329228
647 -1199.87026091742
648 -1200.11035902078
649 -1199.61498530531
650 -1200.48845160274
651 -1199.93459885702
652 -1200.10956118069
653 -1200.3728609777
654 -1199.91444504093
655 -1199.84776473168
656 -1200.13584037606
657 -1199.98853785252
658 -1200.43063350918
659 -1199.87305112079
660 -1199.46957542886
661 -1199.65927721733
662 -1199.96801077667
663 -1199.74998103873
664 -1199.27636911036
665 -1199.67888396845
666 -1199.7088065433
667 -1199.97730987776
668 -1199.43449331356
669 -1200.73939112451
670 -1199.94619712639
671 -1200.18455283386
672 -1200.441630916
673 -1199.52020762378
674 -1199.95050156103
675 -1199.5870384785
676 -1200.1371847312
677 -1199.86548771606
678 -1199.4620921543
679 -1199.87724324203
680 -1200.22052490205
681 -1199.90937835988
682 -1199.69190383685
683 -1199.83175492184
684 -1200.0214962833
685 -1199.92752995465
686 -1200.03697430967
687 -1199.85179797195
688 -1199.68595076008
689 -1200.0506576896
690 -1200.13029113733
691 -1200.56772782687
692 -1199.67418444965
693 -1200.02736527801
694 -1200.40391218367
695 -1200.02687911746
696 -1199.88046091421
697 -1200.06002167121
698 -1200.20666643105
699 -1199.83488337381
700 -1200.21986307622
701 -1199.91670591436
702 -1200.14864823072
703 -1199.85573444819
704 -1200.08082698946
705 -1200.02772561378
706 -1200.88606842259
707 -1199.73408564417
708 -1200.17924767072
709 -1199.81109512589
710 -1200.07869028517
711 -1199.93341122611
712 -1200.12555594882
713 -1199.93488141723
714 -1200.46052395602
715 -1199.52440754689
716 -1200.21478721631
717 -1200.42954122502
718 -1200.14100501622
719 -1200.04168199931
720 -1199.67868033793
721 -1199.61859142914
722 -1199.80749608109
723 -1199.76266232017
724 -1200.03662107878
725 -1199.79745104479
726 -1200.28013042194
727 -1200.01908249976
728 -1200.02450275972
729 -1199.87897544661
730 -1199.47142125738
731 -1199.80847778695
732 -1199.80984828786
733 -1199.704277277
734 -1199.84609116915
735 -1200.17310154329
736 -1200.32990003883
737 -1200.34192814969
738 -1200.0757339636
739 -1199.71714370433
740 -1199.6849445765
741 -1200.06348563958
742 -1200.25816299079
743 -1199.8597643
744 -1200.78607248839
745 -1199.97189087382
746 -1200.21068821218
747 -1199.68659693829
748 -1200.37989351718
749 -1199.44456057452
750 -1199.90901539027
751 -1200.11506588689
752 -1200.13618827512
753 -1200.49410379701
754 -1199.7062680584
755 -1199.68886230424
756 -1199.88162966818
757 -1200.18330518731
758 -1200.06094172887
759 -1199.36549067345
760 -1199.98661450939
761 -1200.11327456134
762 -1200.4903353597
763 -1199.8562733122
764 -1199.82735575064
765 -1200.42790664526
766 -1199.44471090183
767 -1199.56491205148
768 -1200.07613182684
769 -1199.68925510212
770 -1200.28457707011
771 -1200.40528432658
772 -1199.90348711231
773 -1199.97015514046
774 -1200.30436261767
775 -1199.93810389787
776 -1200.24172472603
777 -1200.37814842713
778 -1200.47215418247
779 -1200.02741103473
780 -1199.81086905095
781 -1199.6822089428
782 -1199.67662527137
783 -1200.18398840922
784 -1200.04873007358
785 -1200.06166807377
786 -1200.16188704729
787 -1200.00831725713
788 -1199.98419550071
789 -1199.84825995639
790 -1199.93633895954
791 -1200.44497944761
792 -1199.64251142336
793 -1199.78728827074
794 -1200.58840825447
795 -1199.85522602365
796 -1199.93614501615
797 -1199.63880630569
798 -1200.07803427388
799 -1200.20459940325
800 -1199.97126257911
801 -1200.09745104469
802 -1199.70481692817
803 -1199.6622702148
804 -1200.00276099996
805 -1199.75733528843
806 -1199.9987392358
807 -1200.06971975156
808 -1200.24677931834
809 -1199.71378456236
810 -1200.02892983064
811 -1200.2895461413
812 -1199.92418224152
813 -1200.18793778431
814 -1200.32809030961
815 -1199.96311875498
816 -1199.59361591882
817 -1200.1822891381
818 -1200.37788236559
819 -1200.07613721234
820 -1199.89418178723
821 -1199.40070467588
822 -1200.30035652259
823 -1200.13419671733
824 -1199.67248911673
825 -1200.30224139753
826 -1200.10494215935
827 -1199.92450863603
828 -1199.9250171499
829 -1200.46923601654
830 -1200.10843731687
831 -1199.90241785037
832 -1199.65335985357
833 -1199.81499787328
834 -1200.3611133037
835 -1200.1771612036
836 -1199.73359315571
837 -1200.308507715
838 -1199.72743103327
839 -1200.08431069916
840 -1199.75280939615
841 -1199.71223967572
842 -1199.34901589316
843 -1200.35278824358
844 -1200.37638003267
845 -1199.91828837132
846 -1200.27341583315
847 -1199.60118224946
848 -1200.17579244217
849 -1200.46837228734
850 -1200.14259922608
851 -1199.72344532853
852 -1199.7573732343
853 -1200.10995591675
854 -1199.66488536399
855 -1200.21387762866
856 -1199.8682585404
857 -1199.66781362732
858 -1200.02751144277
859 -1200.06593024524
860 -1199.87404361578
861 -1200.21002274827
862 -1199.99098548314
863 -1199.95186510477
864 -1199.89459206335
865 -1199.84673724274
866 -1199.57659593391
867 -1199.95968110739
868 -1200.08315071328
869 -1200.44680454932
870 -1199.64680782906
871 -1200.3013251549
872 -1199.9996347615
873 -1199.80401524785
874 -1199.60616180235
875 -1199.58762585265
876 -1200.39588239253
877 -1200.74714361478
878 -1200.10030202503
879 -1200.29401908863
880 -1200.05349136045
881 -1200.05608227092
882 -1199.61569205974
883 -1199.83491073481
884 -1200.14675318264
885 -1200.29137281322
886 -1200.01113190423
887 -1199.63291114628
888 -1199.79472793299
889 -1199.91525550642
890 -1200.13206865258
891 -1199.7674451778
892 -1200.27627756794
893 -1199.87255613445
894 -1199.75432380163
895 -1200.08351236881
896 -1200.52217295537
897 -1199.70773456607
898 -1200.26576153091
899 -1200.05090636999
900 -1199.29568340313
901 -1200.09997800691
902 -1199.97168359845
903 -1199.7964044723
904 -1200.02753579259
905 -1199.71140447495
906 -1199.94703222672
907 -1199.87092638528
908 -1200.20342504249
909 -1199.74391091126
910 -1199.88315766189
911 -1199.89932671697
912 -1199.74821436795
913 -1199.73637177806
914 -1199.28167424653
915 -1200.14103789102
916 -1199.96842112898
917 -1200.10117964076
918 -1200.12169191831
919 -1199.73308327022
920 -1199.91852419227
921 -1199.78144619178
922 -1200.335596193
923 -1199.9861228704
924 -1199.7368140746
925 -1200.16759148466
926 -1200.17601622124
927 -1200.54386606712
928 -1200.23097056652
929 -1199.67486668529
930 -1200.13284663902
931 -1199.78912455267
932 -1200.20823774311
933 -1199.56044461848
934 -1199.83494783029
935 -1200.54343682302
936 -1200.01757094932
937 -1200.13423564135
938 -1199.87112548811
939 -1200.08581064511
940 -1199.71865437533
941 -1200.02536401958
942 -1199.8957307372
943 -1200.5189239465
944 -1200.00740807186
945 -1200.61448830232
946 -1199.90244332165
947 -1200.12835975933
948 -1200.28933192587
949 -1200.12860216675
950 -1200.18501796324
951 -1200.14167580143
952 -1199.86981996875
953 -1200.09082107103
954 -1200.40719317306
955 -1200.48888724248
956 -1199.7917934415
957 -1200.19613506747
958 -1200.15610687941
959 -1199.40895244665
960 -1199.82944647646
961 -1200.24434310351
962 -1200.18890085474
963 -1199.48478180481
964 -1200.4169976234
965 -1199.90716888102
966 -1200.52881230217
967 -1200.28879293209
968 -1199.73939897192
969 -1199.657998329
970 -1199.96596705919
971 -1200.02812481486
972 -1200.16058733548
973 -1199.91844146376
974 -1200.29242633712
975 -1200.57174848168
976 -1199.77026640277
977 -1200.28837613745
978 -1199.88504482271
979 -1200.0567942248
980 -1199.68547198228
981 -1199.68713860402
982 -1199.80270193491
983 -1199.98216414223
984 -1199.88163414348
985 -1199.54554866152
986 -1200.22889000995
987 -1199.71417272718
988 -1200.27058307823
989 -1199.68940375828
990 -1200.07598964929
991 -1200.59749512813
992 -1200.05870463856
993 -1199.96236663391
994 -1200.05705815601
995 -1200.19207221029
996 -1200.26584036353
997 -1200.06966393853
998 -1199.19035758282
999 -1199.63188213881
1000 -1199.67488639422
1001 -1200.31723646181
1002 -1199.99505411098
1003 -1199.86905108886
1004 -1199.37196021684
1005 -1199.60575830652
1006 -1200.36352030187
1007 -1199.55036880705
1008 -1199.84352327752
1009 -1200.04466734407
1010 -1200.53668216297
1011 -1200.01098785596
1012 -1199.85077845556
1013 -1200.01152574134
1014 -1200.41237096126
1015 -1199.3772843704
1016 -1199.96758006752
1017 -1200.28002443104
1018 -1200.08463300168
1019 -1200.15585449949
1020 -1200.6090636762
1021 -1200.06888706585
1022 -1199.71266395704
1023 -1199.52170464618
1024 -1200.60012168821
1025 -1199.84037234342
1026 -1200.53212908003
1027 -1200.42783865375
1028 -1200.18672668455
1029 -1199.80510390095
1030 -1200.24676269764
1031 -1200.34696631368
1032 -1199.95391983956
1033 -1200.08108251811
1034 -1200.01340172038
1035 -1199.67307042174
1036 -1199.71682077661
1037 -1200.18733080166
1038 -1200.04195683705
1039 -1199.7767366558
1040 -1200.13142245154
1041 -1199.68588802601
1042 -1200.25145652904
1043 -1200.14649167684
1044 -1200.45109659639
1045 -1199.98835266263
1046 -1200.24392027617
1047 -1199.95888960603
1048 -1199.59754675694
1049 -1200.05155496946
1050 -1199.63332960225
1051 -1199.76626001904
1052 -1200.21462257832
1053 -1199.95417744379
1054 -1200.68744471809
1055 -1199.79144411916
1056 -1200.5284757339
1057 -1200.4242692323
1058 -1199.62941698522
1059 -1200.12951992185
1060 -1199.96268780278
1061 -1200.09107135817
1062 -1199.88974104645
1063 -1199.95756117084
1064 -1200.31109827178
1065 -1200.07095273867
1066 -1200.61132749657
1067 -1199.80297329025
1068 -1199.49588600337
1069 -1200.13966760367
1070 -1200.20812537772
1071 -1200.31590475869
1072 -1199.72684404026
1073 -1200.07647375455
1074 -1199.57829407079
1075 -1200.19378354565
1076 -1199.33460813061
1077 -1199.96494064389
1078 -1200.12527318881
1079 -1200.0239013518
1080 -1199.41321541302
1081 -1199.96304229375
1082 -1200.52192010524
1083 -1200.00786013615
1084 -1199.69789012915
1085 -1199.86180517842
1086 -1199.82790493467
1087 -1200.0092434187
1088 -1200.28437553092
1089 -1200.05114144551
1090 -1199.70964224978
1091 -1200.12519472927
1092 -1199.83199576908
1093 -1200.15772938701
1094 -1199.76290381931
1095 -1200.00910407703
1096 -1199.95251592418
1097 -1199.97273712297
1098 -1199.78240486864
1099 -1199.84918418897
1100 -1199.94342585457
1101 -1200.4182989711
1102 -1200.31652039574
1103 -1199.964919568
1104 -1200.06016335938
1105 -1199.85150310306
1106 -1200.06922232662
1107 -1199.71958834843
1108 -1200.28804931303
1109 -1200.43198628547
1110 -1200.05133162212
1111 -1200.05092862894
1112 -1200.33356945269
1113 -1200.02381247769
1114 -1199.37187125541
1115 -1199.83843130445
1116 -1200.15212339236
1117 -1199.61802737133
1118 -1200.05384728717
1119 -1200.06195848661
1120 -1200.15363956286
1121 -1199.63561827354
1122 -1200.54510882022
1123 -1199.83517705708
1124 -1199.8629654296
1125 -1199.55864715329
1126 -1200.01369740004
1127 -1200.41182522048
1128 -1199.97144127143
1129 -1200.14790743706
1130 -1200.20240986805
1131 -1200.03174402722
1132 -1200.38332951587
1133 -1200.04702329795
1134 -1200.59348210947
1135 -1199.95753505702
1136 -1199.55688491955
1137 -1200.03072745204
1138 -1200.43227140108
1139 -1200.60411740824
1140 -1199.89921503967
1141 -1199.71582467119
1142 -1200.12738831244
1143 -1199.98854259416
1144 -1199.4622700651
1145 -1199.87248903718
1146 -1199.98605615763
1147 -1200.29015512104
1148 -1199.65940081516
1149 -1200.0114408468
1150 -1199.59176433408
1151 -1200.42728921829
1152 -1200.11681392805
1153 -1199.9481723523
1154 -1199.52517535555
1155 -1199.09943795139
1156 -1200.2054634375
1157 -1200.37972759464
1158 -1199.87015220126
1159 -1200.21868204486
1160 -1199.8688946054
1161 -1200.22091715503
1162 -1200.12008490059
1163 -1200.49132533445
1164 -1200.32179925564
1165 -1199.94353733711
1166 -1199.99860290602
1167 -1199.73358633236
1168 -1200.26699806367
1169 -1200.04754412029
1170 -1199.83130888067
1171 -1200.18567911437
1172 -1199.61695272434
1173 -1199.56016145331
1174 -1199.83957284025
1175 -1199.65267017168
1176 -1199.89254033019
1177 -1199.9646892281
1178 -1200.38633847802
1179 -1199.90571952739
1180 -1200.38083249517
1181 -1200.31667191784
1182 -1199.67682759173
1183 -1200.17474231518
1184 -1199.75445780223
1185 -1200.01889771885
1186 -1200.26482197298
1187 -1199.56829387689
1188 -1200.2813352786
1189 -1199.76969235317
1190 -1200.53818721201
1191 -1200.37627309186
1192 -1200.27534819719
1193 -1199.57461066818
1194 -1199.79364660003
1195 -1200.15005296514
1196 -1200.42628969572
1197 -1200.04172598647
1198 -1199.72632232701
1199 -1200.01594290699
1200 -1199.7233338383
1201 -1200.20469745464
1202 -1199.99162433769
1203 -1199.75681767316
1204 -1199.97834141146
1205 -1200.48137083543
1206 -1200.1699705331
1207 -1200.78392894605
1208 -1200.05221962881
1209 -1199.74362405158
1210 -1199.62321425836
1211 -1200.15682660002
1212 -1199.82039475897
1213 -1199.91019828693
1214 -1199.79598002049
1215 -1200.17735521719
1216 -1199.86360213714
1217 -1199.7741287439
1218 -1199.84082252544
1219 -1199.55724631022
1220 -1199.93729994893
1221 -1200.01216523501
1222 -1199.97409884924
1223 -1200.20865870853
1224 -1200.3164989399
1225 -1199.545418382
1226 -1199.91871051473
1227 -1200.31944459452
1228 -1200.23933350839
1229 -1200.34794530672
1230 -1199.79176299888
1231 -1200.65660430696
1232 -1200.0729247815
1233 -1199.83190299293
1234 -1199.70890338222
1235 -1199.74544970199
1236 -1199.82702800647
1237 -1199.84662766222
1238 -1199.06767530483
1239 -1199.43579190717
1240 -1199.45977986957
1241 -1199.95628586666
1242 -1200.08861235857
1243 -1200.21090218568
1244 -1200.01195012
1245 -1200.27921720844
1246 -1199.83258804774
1247 -1200.36840710861
1248 -1200.4682416515
1249 -1199.85839016269
1250 -1200.29100947627
1251 -1199.95459984403
1252 -1199.66227610675
1253 -1200.04166874999
1254 -1200.04711405269
1255 -1200.00362965703
1256 -1200.18405717093
1257 -1199.84355680708
1258 -1200.86903825219
1259 -1200.00216046713
1260 -1199.56841202564
1261 -1199.80497187793
1262 -1199.75967338376
1263 -1200.10331906661
1264 -1200.28037062744
1265 -1200.43368881227
1266 -1199.94812771792
1267 -1199.66799834129
1268 -1199.98333277441
1269 -1199.73646762016
1270 -1200.32991139421
1271 -1199.90445842409
1272 -1200.29088616314
1273 -1199.75694581684
1274 -1200.06225248786
1275 -1200.02453824802
1276 -1199.04698742188
1277 -1199.86320194723
1278 -1199.98119976859
1279 -1199.67658484457
1280 -1199.66285369171
1281 -1200.09385650607
1282 -1199.57735382427
1283 -1200.11125647749
1284 -1200.57666928574
1285 -1200.32561885943
1286 -1200.15438508746
1287 -1200.56486127589
1288 -1200.27802952802
1289 -1200.90169886148
1290 -1200.46681240158
1291 -1199.80131825172
1292 -1200.25215813316
1293 -1200.18793930543
1294 -1200.14098116499
1295 -1199.86905172544
1296 -1199.7381624581
1297 -1199.96737117175
1298 -1199.54196631089
1299 -1199.77706711695
1300 -1200.14576992122
1301 -1200.0049256666
1302 -1200.59873983246
1303 -1200.06378221427
1304 -1199.6585634288
1305 -1200.54516970147
1306 -1199.42563780344
1307 -1199.46714928937
1308 -1200.20146437749
1309 -1200.19693097587
1310 -1200.0309360066
1311 -1199.91603775925
1312 -1200.39850757275
1313 -1200.23215091818
1314 -1200.1445155145
1315 -1199.92000285258
1316 -1200.05058217312
1317 -1200.10395596243
1318 -1200.13721233494
1319 -1200.13773672162
1320 -1199.70681772782
1321 -1199.85408270138
1322 -1199.92633198358
1323 -1199.96730263887
1324 -1200.33480598823
1325 -1200.10695785823
1326 -1199.35997837178
1327 -1199.89324962564
1328 -1199.97886214582
1329 -1199.79615934185
1330 -1200.24008396087
1331 -1200.03363479442
1332 -1199.85563592739
1333 -1200.00059081663
1334 -1199.95786605561
1335 -1199.74430378997
1336 -1200.12627340291
1337 -1200.04747343184
1338 -1199.93892533313
1339 -1200.17354473714
1340 -1199.79520876906
1341 -1199.68327897027
1342 -1200.4604066037
1343 -1199.85776451842
1344 -1199.95654466772
1345 -1200.15210071062
1346 -1200.13137964726
1347 -1200.16395649404
1348 -1199.66729844886
1349 -1200.48500600971
1350 -1199.87044804619
1351 -1200.11962001869
1352 -1200.03233524225
1353 -1200.32615924934
1354 -1200.20165984484
1355 -1200.11034142807
1356 -1200.15535229322
1357 -1199.76981629373
1358 -1199.79934823229
1359 -1200.18747086722
1360 -1200.03293318646
1361 -1200.06454999608
1362 -1200.14569265848
1363 -1200.12839258715
1364 -1200.41569511125
1365 -1200.34897828134
1366 -1200.20934261877
1367 -1200.37292936214
1368 -1199.47172996494
1369 -1199.80678815765
1370 -1200.16001747826
1371 -1199.79588580442
1372 -1199.61777337397
1373 -1199.75934196269
1374 -1200.02766849446
1375 -1199.5655658881
1376 -1199.75559987513
1377 -1200.05435475158
1378 -1200.43413323714
1379 -1199.82104874731
1380 -1199.86086296161
1381 -1199.81261146402
1382 -1200.11030907577
1383 -1200.17238460846
1384 -1200.05015655158
1385 -1199.94980967991
1386 -1199.55824701832
1387 -1200.30218836917
1388 -1200.06524114794
1389 -1199.29315993649
1390 -1199.85615224702
1391 -1200.34804577083
1392 -1200.11639760253
1393 -1200.06701287363
1394 -1199.63638441201
1395 -1200.21997854243
1396 -1199.89710439589
1397 -1199.47648745136
1398 -1200.08408039319
1399 -1199.83900448744
1400 -1200.54136434408
1401 -1200.1978266032
1402 -1199.86609791995
1403 -1200.3822394794
1404 -1199.76912693352
1405 -1199.71929996401
1406 -1200.0062811921
1407 -1199.9856811553
1408 -1199.48788335788
1409 -1199.97074349634
1410 -1199.81160801876
1411 -1200.59597318275
1412 -1200.16935675024
1413 -1200.646887439
1414 -1199.97280609422
1415 -1199.48773379221
1416 -1200.15588225708
1417 -1200.1326800989
1418 -1199.7643678698
1419 -1200.0704903559
1420 -1200.44542612994
1421 -1200.28045556184
1422 -1200.14963544942
1423 -1200.44570148416
1424 -1200.15322446094
1425 -1200.00104397501
1426 -1199.63424736217
1427 -1199.84869278658
1428 -1200.18482661939
1429 -1199.93924032155
1430 -1199.76634097706
1431 -1199.62307407157
1432 -1200.00859832703
1433 -1199.79483557938
1434 -1199.86332322201
1435 -1200.02713682823
1436 -1200.07945855983
1437 -1200.37526671741
1438 -1200.13185953019
1439 -1200.2174967941
1440 -1199.22664486849
1441 -1200.17956527968
1442 -1199.78778850051
1443 -1200.00726563189
1444 -1200.56962500734
1445 -1200.36906403877
1446 -1200.06344845304
1447 -1199.97384667286
1448 -1199.93893198537
1449 -1199.63629324331
1450 -1200.18586733435
1451 -1200.02116303348
1452 -1199.62999816931
1453 -1199.94535343583
1454 -1200.31756351415
1455 -1200.28649401923
1456 -1199.81858507274
1457 -1200.24919862079
1458 -1199.80322850334
1459 -1199.78254999194
1460 -1199.95335778982
1461 -1199.43085276312
1462 -1200.30891599559
1463 -1199.89823002746
1464 -1199.96801524014
1465 -1199.86669885914
1466 -1200.09787121257
1467 -1199.71086783358
1468 -1200.33711066988
1469 -1200.27950258978
1470 -1200.21107369696
1471 -1200.56691057444
1472 -1199.80830054331
1473 -1199.96178197774
1474 -1200.6381182464
1475 -1199.98168633328
1476 -1200.04701920157
1477 -1200.21445688682
1478 -1200.07003585968
1479 -1199.96321986557
1480 -1200.12023914992
1481 -1199.51612886728
1482 -1200.89894495697
1483 -1199.78873077711
1484 -1200.11352580907
1485 -1199.92346492814
1486 -1199.77161352248
1487 -1200.97773441296
1488 -1200.13361398643
1489 -1199.84991059817
1490 -1200.114868762
1491 -1200.15725492973
1492 -1199.54911254524
1493 -1200.09971878337
1494 -1199.74222138928
1495 -1199.83654435698
1496 -1200.13065512867
1497 -1199.49631561623
1498 -1199.77717630016
1499 -1199.99162715178
1500 -1199.8585752431
1501 -1200.5113128895
1502 -1200.51094252782
1503 -1200.05612151578
1504 -1200.10072824465
1505 -1200.00736430805
1506 -1200.09514011132
1507 -1200.02966138231
1508 -1200.30978572416
1509 -1200.28528921876
1510 -1199.82138552731
1511 -1200.35513241011
1512 -1200.22230460176
1513 -1199.78448650074
1514 -1200.26662257347
1515 -1200.51030436884
1516 -1199.67695885646
1517 -1200.49653812307
1518 -1199.90029549591
1519 -1199.76763521971
1520 -1200.2447231805
1521 -1199.77903289462
1522 -1199.89333862799
1523 -1199.62263490978
1524 -1200.62173486134
1525 -1200.10432259129
1526 -1200.28007518915
1527 -1199.90010780163
1528 -1199.86765346422
1529 -1200.03890171359
1530 -1199.55922533656
1531 -1199.85181624206
1532 -1200.34663175063
1533 -1200.26440350304
1534 -1199.93927152782
1535 -1200.07135485031
1536 -1200.38851737919
1537 -1199.57151176782
1538 -1199.75608985783
1539 -1200.37917187669
1540 -1199.53005387696
1541 -1199.48151215263
1542 -1200.0762036357
1543 -1200.46430596324
1544 -1200.03198590493
1545 -1199.27767053194
1546 -1200.38685031279
1547 -1199.44740863265
1548 -1200.1095142532
1549 -1199.3901448272
1550 -1199.87550286698
1551 -1199.9771748213
1552 -1199.99490172966
1553 -1200.23435513172
1554 -1200.08717450152
1555 -1199.57341489159
1556 -1199.85644459475
1557 -1199.98176126095
1558 -1199.57832777685
1559 -1200.24786328406
1560 -1200.51631540768
1561 -1199.99346889478
1562 -1200.10354037208
1563 -1200.3094656967
1564 -1199.87897554803
1565 -1199.72301088822
1566 -1199.94350352014
1567 -1200.21592214789
1568 -1200.54126743444
1569 -1200.05688365081
1570 -1200.27077256742
1571 -1200.06886705709
1572 -1200.29934741512
1573 -1199.96506433986
1574 -1200.08712384023
1575 -1200.60210891907
1576 -1200.00658934255
1577 -1200.09124283586
1578 -1199.89745598337
1579 -1199.97327435138
1580 -1200.43635823813
1581 -1199.55296993663
1582 -1199.81419021959
1583 -1200.07429235085
1584 -1200.17739849821
1585 -1199.56701452993
1586 -1200.36612661542
1587 -1199.93034376202
1588 -1200.00080262617
1589 -1200.76975304607
1590 -1200.2290236672
1591 -1200.08371787206
1592 -1200.15964119015
1593 -1199.9148104865
1594 -1200.22675898913
1595 -1199.66422423572
1596 -1199.8347447383
1597 -1199.81350019799
1598 -1199.73861582857
1599 -1200.58015342221
1600 -1200.283168431
1601 -1200.04414483346
1602 -1199.92578436072
1603 -1199.73977512206
1604 -1200.29211266069
1605 -1200.01404086788
1606 -1199.89339015625
1607 -1199.75756854836
1608 -1200.05723366264
1609 -1199.88471620284
1610 -1200.14996701621
1611 -1199.87281879319
1612 -1200.28236670031
1613 -1199.96904751592
1614 -1199.09635418523
1615 -1200.00505854031
1616 -1200.51800199355
1617 -1200.18932434239
1618 -1200.05307857167
1619 -1199.99134300977
1620 -1200.03448238785
1621 -1200.00648892083
1622 -1199.77482414582
1623 -1199.91807110259
1624 -1199.92956440335
1625 -1200.05233554024
1626 -1200.539772258
1627 -1200.04581206528
1628 -1200.01210829565
1629 -1200.18273561808
1630 -1199.85653832465
1631 -1200.09127202936
1632 -1199.79824147463
1633 -1200.42422683031
1634 -1200.15084778959
1635 -1199.70819793303
1636 -1200.09566541075
1637 -1199.61486906351
1638 -1199.8954173021
1639 -1199.63154763055
1640 -1199.40009641733
1641 -1200.30165980805
1642 -1199.68354620004
1643 -1200.54034463473
1644 -1199.85579264125
1645 -1200.15767982257
1646 -1199.57055109438
1647 -1200.3254634758
1648 -1200.16220578908
1649 -1199.73967276016
1650 -1199.90125072175
1651 -1200.1159713845
1652 -1199.86422345329
1653 -1200.03558777875
1654 -1200.32631368588
1655 -1199.9413190444
1656 -1199.80398313597
1657 -1199.64853078346
1658 -1199.95839436807
1659 -1200.20055985648
1660 -1199.78159844692
1661 -1199.89914762971
1662 -1200.00800785131
1663 -1199.90901074138
1664 -1199.33426963186
1665 -1199.32258789457
1666 -1200.29077577064
1667 -1199.38880601538
1668 -1199.77705028311
1669 -1199.69242406087
1670 -1200.20160311469
1671 -1199.72993641985
1672 -1200.37344653581
1673 -1199.81574468687
1674 -1200.89671756732
1675 -1200.24402005113
1676 -1200.11069519825
1677 -1199.27354980396
1678 -1199.97034343916
1679 -1199.80886774388
1680 -1199.87377337969
1681 -1200.11935750351
1682 -1199.64554853047
1683 -1199.99762545387
1684 -1200.06383837674
1685 -1199.69560844053
1686 -1199.87207528327
1687 -1199.78354517729
1688 -1200.25867344977
1689 -1200.36623705971
1690 -1200.26198607972
1691 -1199.85856271847
1692 -1200.30385699334
1693 -1200.29862533265
1694 -1200.13977507958
1695 -1199.9053744983
1696 -1199.39101130171
1697 -1200.10145212574
1698 -1199.88526305219
1699 -1200.18574312506
1700 -1199.97154122497
1701 -1200.1969719385
1702 -1200.01516248338
1703 -1200.30582596347
1704 -1200.13859265882
1705 -1200.53833444389
1706 -1199.56158839835
1707 -1199.60519351534
1708 -1200.13187163756
1709 -1199.64948254767
1710 -1199.85703854923
1711 -1199.68027744648
1712 -1200.08544443461
1713 -1200.42688541598
1714 -1199.50425697227
1715 -1200.05210003272
1716 -1200.39974228906
1717 -1200.59151371233
1718 -1200.00123776144
1719 -1199.65552069486
1720 -1199.96107516227
1721 -1200.16284940255
1722 -1200.3226110036
1723 -1200.21046040345
1724 -1199.55659497836
1725 -1200.53201284153
1726 -1200.22465606027
1727 -1200.54577117861
1728 -1200.4455353948
1729 -1199.3248567191
1730 -1199.71304738509
1731 -1200.17887140345
1732 -1199.84298147405
1733 -1200.36506677174
1734 -1199.88647214637
1735 -1199.9585408222
1736 -1200.02958112338
1737 -1199.77912033073
1738 -1199.98544961396
1739 -1199.70107473319
1740 -1199.96770534138
1741 -1199.69195192095
1742 -1200.48650758515
1743 -1200.39115804311
1744 -1199.68110518035
1745 -1199.85479921949
1746 -1199.89384449553
1747 -1199.77168302089
1748 -1200.07873067427
1749 -1200.21429512198
1750 -1199.90817338859
1751 -1199.66318251035
1752 -1199.75826978403
1753 -1200.20230785082
1754 -1199.52227070587
1755 -1199.80628620436
1756 -1200.31844859546
1757 -1199.96229145343
1758 -1199.87213730913
1759 -1199.96744202926
1760 -1199.79505667615
1761 -1199.84290768698
1762 -1199.97113370687
1763 -1199.7400233909
1764 -1199.56313422643
1765 -1199.8662924111
1766 -1199.84270828854
1767 -1200.17138072648
1768 -1200.36441358875
1769 -1200.22768171237
1770 -1199.85323401778
1771 -1199.95762060468
1772 -1200.30384070457
1773 -1200.22093137909
1774 -1200.68841432757
1775 -1200.04733835593
1776 -1200.7048295043
1777 -1199.81657340781
1778 -1200.13124179988
1779 -1200.53247330147
1780 -1199.65370776
1781 -1199.80414467403
1782 -1199.90412523801
1783 -1199.77709854876
1784 -1200.02582203194
1785 -1200.34258172066
1786 -1199.80357992823
1787 -1199.50001638749
1788 -1199.93876867548
1789 -1199.6572777398
1790 -1200.11505776774
1791 -1200.20699377043
1792 -1199.67993839084
1793 -1199.62350272782
1794 -1199.84290947131
1795 -1200.37607703359
1796 -1199.9435137308
1797 -1200.07249185266
1798 -1199.17605928085
1799 -1200.30316710388
1800 -1199.71555460398
1801 -1199.69871613966
1802 -1200.08827035224
1803 -1200.2048483847
1804 -1199.49727445251
1805 -1200.13069445387
1806 -1200.46289560575
1807 -1199.75000888206
1808 -1199.92830036716
1809 -1199.83216262801
1810 -1199.88669391859
1811 -1199.14343417631
1812 -1199.82859911496
1813 -1200.05080944859
1814 -1200.34104918715
1815 -1199.45813286954
1816 -1200.05486545693
1817 -1199.78790368714
1818 -1200.32634632236
1819 -1199.44365024907
1820 -1200.1630398736
1821 -1199.67767580999
1822 -1200.08361426152
1823 -1200.53448085551
1824 -1200.42794391867
1825 -1200.06249610358
1826 -1199.96207172624
1827 -1199.64698495694
1828 -1199.92277958097
1829 -1199.45333338782
1830 -1200.14606207068
1831 -1199.69025279567
1832 -1200.12063751498
1833 -1199.47682433237
1834 -1199.44760481993
1835 -1200.01138212511
1836 -1199.9957687352
1837 -1200.12033523627
1838 -1200.19226815498
1839 -1199.79407734846
1840 -1200.05712322163
1841 -1200.39487592917
1842 -1200.08367105079
1843 -1200.09116354526
1844 -1200.55672354069
1845 -1199.59391136053
1846 -1199.95471752918
1847 -1200.11382826766
1848 -1199.56999836269
1849 -1199.8672946105
1850 -1200.30517870827
1851 -1200.27130872006
1852 -1199.38157888004
1853 -1199.84572513376
1854 -1199.96264170267
1855 -1199.95011495603
1856 -1199.7603840972
1857 -1199.89215825279
1858 -1200.18199701271
1859 -1200.04244635017
1860 -1199.45336122355
1861 -1200.24230294719
1862 -1200.06221116927
1863 -1199.67082195233
1864 -1199.70700589723
1865 -1199.78972707981
1866 -1199.89097230983
1867 -1199.93027778145
1868 -1199.94964498346
1869 -1199.76428110922
1870 -1200.23763391887
1871 -1200.12495032003
1872 -1200.18879859236
1873 -1200.36264597341
1874 -1199.61183968953
1875 -1199.83478257668
1876 -1199.78752606418
1877 -1200.08666278874
1878 -1199.78107223322
1879 -1199.92672095893
1880 -1200.29741371599
1881 -1199.54307451696
1882 -1199.81682499137
1883 -1200.44929645019
1884 -1200.16828353394
1885 -1199.75485628095
1886 -1199.8580897493
1887 -1199.69827527573
1888 -1199.74593405919
1889 -1199.8079464454
1890 -1199.97866407295
1891 -1199.9732389262
1892 -1199.86635897212
1893 -1200.22115959459
1894 -1199.90878191216
1895 -1199.85705158746
1896 -1199.97618673638
1897 -1199.65472636598
1898 -1200.26438234867
1899 -1200.10754073465
1900 -1199.66864834639
1901 -1199.63162950703
1902 -1199.69351505569
1903 -1199.90433884701
1904 -1200.36470941073
1905 -1200.35070978855
1906 -1200.35630168073
1907 -1199.69731755436
1908 -1200.12302466408
1909 -1199.96000327824
1910 -1200.0305818613
1911 -1199.70664694033
1912 -1200.10320928497
1913 -1199.74125596354
1914 -1200.13552203919
1915 -1200.41898773666
1916 -1199.92601198632
1917 -1200.25448204143
1918 -1200.22573567143
1919 -1200.14917399084
1920 -1200.06766043725
1921 -1200.35476445103
1922 -1199.99365957101
1923 -1199.61146839193
1924 -1199.63704107107
1925 -1199.9667964643
1926 -1200.15690260121
1927 -1199.96952325626
1928 -1200.01935812535
1929 -1199.45422285874
1930 -1199.6453875986
1931 -1199.73417166131
1932 -1199.93194128947
1933 -1200.06926141539
1934 -1200.5370291895
1935 -1199.97216568266
1936 -1200.5886337308
1937 -1200.07874353966
1938 -1200.20350169978
1939 -1199.5543105316
1940 -1199.9189374135
1941 -1200.32985524991
1942 -1199.72580668829
1943 -1199.795751591
1944 -1200.14299983396
1945 -1199.73505555586
1946 -1200.34990485296
1947 -1199.82589011833
1948 -1199.86450429406
1949 -1200.02062210049
1950 -1200.03636419388
1951 -1200.17637333661
1952 -1200.23694929765
1953 -1200.39058017535
1954 -1200.78702729778
1955 -1200.65280999195
1956 -1200.22495725307
1957 -1199.96715215954
1958 -1199.03047926818
1959 -1199.70090531952
1960 -1199.37032623204
1961 -1199.95094114054
1962 -1199.80162733142
1963 -1200.29444588976
1964 -1199.91251487533
1965 -1199.88370739853
1966 -1199.79019080876
1967 -1200.24880079017
1968 -1200.42807823639
1969 -1200.39188575961
1970 -1200.48348360429
1971 -1200.07583775892
1972 -1200.24521115139
1973 -1199.90481844446
1974 -1200.21189551838
1975 -1200.3712179396
1976 -1200.15760646831
1977 -1199.72253557433
1978 -1200.18658496968
1979 -1199.88556609039
1980 -1199.8036513515
1981 -1200.01054488704
1982 -1199.62018262321
1983 -1200.17324343785
1984 -1200.73539316744
1985 -1200.01971253265
1986 -1200.0202996695
1987 -1199.22990434124
1988 -1199.95482444344
1989 -1199.88446207595
1990 -1200.29598030562
1991 -1200.12010041541
1992 -1199.93848489287
1993 -1199.82257028731
1994 -1200.49318829835
1995 -1200.17417859771
1996 -1199.73841820761
1997 -1199.84945437505
1998 -1199.93065565744
1999 -1199.80282997267
2000 -1199.71526136259
2001 -1199.9177052587
2002 -1199.4055666926
2003 -1200.28359304781
2004 -1200.13658501118
2005 -1199.73174866544
2006 -1200.11506001111
2007 -1200.02267004675
2008 -1199.97447547792
2009 -1200.24814892099
2010 -1200.08860895616
2011 -1200.01845065622
2012 -1199.67224194246
2013 -1199.9972070235
2014 -1200.29174051617
2015 -1200.57780769389
2016 -1199.96603535077
2017 -1200.24918191515
2018 -1200.01091091602
2019 -1199.7274029527
2020 -1199.75690660347
2021 -1199.62911500501
2022 -1200.3696312571
2023 -1200.41290991941
2024 -1199.95083469035
2025 -1200.19308365635
2026 -1199.92423593517
2027 -1200.22411479311
2028 -1200.47900619699
2029 -1200.30867951375
2030 -1199.80671502046
2031 -1199.78308640236
2032 -1199.99226427528
2033 -1200.41797477302
2034 -1200.30401884583
2035 -1200.3590623557
2036 -1199.84435913024
2037 -1200.7331786473
2038 -1199.51132397914
2039 -1200.22125925941
2040 -1200.41317657613
2041 -1200.09701688525
2042 -1200.23401134454
2043 -1200.37415864684
2044 -1199.92322069461
2045 -1199.43416727422
2046 -1199.67933790686
2047 -1199.97639323214
2048 -1200.10111576712
2049 -1200.01317962718
2050 -1200.43834803644
2051 -1199.89801797367
2052 -1199.78669247201
2053 -1199.6360467373
2054 -1199.53541675802
2055 -1200.34677489896
2056 -1199.9818873347
2057 -1200.02006661286
2058 -1199.28056414291
2059 -1199.64099265864
2060 -1200.09395410304
2061 -1199.45692650912
2062 -1199.91091620626
2063 -1200.19317384055
2064 -1200.42402522899
2065 -1200.22884964957
2066 -1200.44339856782
2067 -1199.9695308674
2068 -1200.50232431902
2069 -1200.02222675016
2070 -1200.60986595519
2071 -1199.96231428422
2072 -1199.87346722482
2073 -1200.01020311445
2074 -1199.73281899371
2075 -1198.92750182178
2076 -1200.27923051413
2077 -1200.07465406407
2078 -1199.65181207259
2079 -1200.22324119847
2080 -1200.16375326181
2081 -1199.95908758372
2082 -1199.8732844454
2083 -1199.90122799335
2084 -1199.64387127982
2085 -1200.31826566412
2086 -1199.63839069231
2087 -1199.62246314478
2088 -1199.88200395291
2089 -1200.22695730143
2090 -1199.5712614278
2091 -1199.47069171627
2092 -1200.16500655587
2093 -1199.82632406506
2094 -1200.26119377635
2095 -1200.21835307724
2096 -1199.76958724344
2097 -1200.08538174645
2098 -1199.75119017813
2099 -1200.30786676043
2100 -1200.03480099467
2101 -1200.25234658336
2102 -1199.84519138145
2103 -1199.64313229486
2104 -1199.97854441723
2105 -1200.26181910327
2106 -1199.75150080315
2107 -1200.10961190784
2108 -1199.89705631588
2109 -1199.78164071017
2110 -1201.0808724908
2111 -1200.05403361819
2112 -1200.20590932732
2113 -1200.03517084652
2114 -1199.92223836504
2115 -1199.8083120302
2116 -1199.70349165938
2117 -1200.08038675527
2118 -1199.81077455184
2119 -1200.09422182494
2120 -1200.7533110068
2121 -1199.8330226128
2122 -1199.94159897573
2123 -1199.9154204402
2124 -1200.47373576243
2125 -1199.54645539292
2126 -1199.4632828258
2127 -1200.34861922127
2128 -1200.61508578612
2129 -1199.56351074941
2130 -1199.72599159764
2131 -1199.8264082257
2132 -1200.03249432972
2133 -1200.37286385191
2134 -1200.2038922752
2135 -1200.10775734541
2136 -1200.60487324855
2137 -1199.68867739621
2138 -1199.53561167905
2139 -1200.10572137745
2140 -1200.42966002954
2141 -1200.30768757612
2142 -1199.90169489849
2143 -1200.07885007545
2144 -1200.15912108388
2145 -1200.27802174521
2146 -1199.93488024689
2147 -1199.77912713415
2148 -1200.52844558984
2149 -1199.59392191692
2150 -1199.75116037785
2151 -1200.0579429993
2152 -1200.54901581496
2153 -1200.31814658673
2154 -1199.749507975
2155 -1199.85661708818
2156 -1200.2757130127
2157 -1200.23696373009
2158 -1200.08467709076
2159 -1200.26460317414
2160 -1200.28006620984
2161 -1199.86059241101
2162 -1200.23144808766
2163 -1200.0015487584
2164 -1200.39378878211
2165 -1199.33642462396
2166 -1200.61040786093
2167 -1200.23134018062
2168 -1200.44526211055
2169 -1200.01057017072
2170 -1200.12813317666
2171 -1199.8384365875
2172 -1199.58808983957
2173 -1200.34410110489
2174 -1200.23124257987
2175 -1200.18499003318
2176 -1199.64252990509
2177 -1199.7828733257
2178 -1199.98386139443
2179 -1200.04062277655
2180 -1200.43258419014
2181 -1200.21138884844
2182 -1200.44579634389
2183 -1200.06120894605
2184 -1200.03302045868
2185 -1199.8850996059
2186 -1199.91405426678
2187 -1199.85060515277
2188 -1199.95472396007
2189 -1200.20415554223
2190 -1200.25512465066
2191 -1199.50168876968
2192 -1199.80514187654
2193 -1200.32604222948
2194 -1199.53038059152
2195 -1199.96226544169
2196 -1200.08095657624
2197 -1199.75394539692
2198 -1199.67873133641
2199 -1199.83680364108
2200 -1200.07285090332
2201 -1199.82851948062
2202 -1199.58887534577
2203 -1199.81761766623
2204 -1199.71615365059
2205 -1200.53758912858
2206 -1199.54054022314
2207 -1199.84812025377
2208 -1199.80567612327
2209 -1200.29995906237
2210 -1199.5792580641
2211 -1199.85304418978
2212 -1199.9470994888
2213 -1199.74444514403
2214 -1199.49974948375
2215 -1200.0996440845
2216 -1200.21545742017
2217 -1200.08029659206
2218 -1199.45826115641
2219 -1200.01057927343
2220 -1200.12010385574
2221 -1200.22450759691
2222 -1200.12165694505
2223 -1199.99542248799
2224 -1199.99280564995
2225 -1200.11652848838
2226 -1199.73576163801
2227 -1200.46376909091
2228 -1200.2944928705
2229 -1199.76837498772
2230 -1200.08628218963
2231 -1200.11361306475
2232 -1199.98098544444
2233 -1199.74377534068
2234 -1200.23640034494
2235 -1199.6969929895
2236 -1199.83950212777
2237 -1200.0948334302
2238 -1200.20197516682
2239 -1200.02657691843
2240 -1200.35844151677
2241 -1199.79404766471
2242 -1199.98218027655
2243 -1199.22484189723
2244 -1199.76574681253
2245 -1200.10447365328
2246 -1199.86902617562
2247 -1200.14174630778
2248 -1200.33461187946
2249 -1199.7766161881
2250 -1200.4170427747
2251 -1200.18090226089
2252 -1200.30050196152
2253 -1199.53834212831
2254 -1199.83092899436
2255 -1200.12154003969
2256 -1199.96974576714
2257 -1199.95120644604
2258 -1200.00925983204
2259 -1200.23335826392
2260 -1199.39978421611
2261 -1199.84411767397
2262 -1200.1749240917
2263 -1200.38311361801
2264 -1199.91190611912
2265 -1200.64359822154
2266 -1199.96085633249
2267 -1199.78334610767
2268 -1200.28949702747
2269 -1200.6124708577
2270 -1200.1373938996
2271 -1200.02899374703
2272 -1200.28112579489
2273 -1199.90547655346
2274 -1199.35569453276
2275 -1199.71886766005
2276 -1199.83383684525
2277 -1200.04332656898
2278 -1199.6970996481
2279 -1199.91865315884
2280 -1200.08036473616
2281 -1199.65952040637
2282 -1200.341812085
2283 -1199.42851644543
2284 -1200.05666080989
2285 -1199.6636241676
2286 -1199.81653690968
2287 -1199.7036798611
2288 -1200.60093708973
2289 -1200.16976498562
2290 -1199.95946619672
2291 -1199.8128576426
2292 -1199.96945710651
2293 -1199.86766814308
2294 -1200.19770715504
2295 -1200.19253140897
2296 -1200.82443826862
2297 -1199.80342906356
2298 -1200.23752502949
2299 -1199.9208227724
2300 -1199.80322932591
2301 -1199.88821864898
2302 -1200.33017052254
2303 -1200.17591417027
2304 -1200.19668643604
2305 -1199.92190264271
2306 -1199.96865816347
2307 -1199.53037664831
2308 -1199.50693231976
2309 -1199.99619780034
2310 -1200.22013231528
2311 -1200.69112298266
2312 -1200.05013512748
2313 -1200.0458914958
2314 -1199.70133896117
2315 -1199.77828490086
2316 -1199.55200916124
2317 -1199.81734381552
2318 -1199.59703630506
2319 -1199.63527521243
2320 -1200.66261000152
2321 -1200.34633795
2322 -1199.97590505416
2323 -1199.97313780037
2324 -1199.74049702154
2325 -1199.83296419992
2326 -1199.9052653394
2327 -1200.31070286972
2328 -1199.63614623858
2329 -1199.69616711024
2330 -1199.90663614167
2331 -1199.96844239967
2332 -1200.46694599017
2333 -1200.01483522572
2334 -1200.04341170941
2335 -1200.01065327275
2336 -1199.89712743682
2337 -1199.73521004153
2338 -1199.8653723301
2339 -1199.82066815343
2340 -1199.91777691775
2341 -1200.07903012772
2342 -1200.15032754543
2343 -1200.18384543045
2344 -1199.67887617601
2345 -1200.05565898793
2346 -1200.41730166055
2347 -1200.11123881975
2348 -1199.19288893796
2349 -1199.84344022695
2350 -1199.83535888561
2351 -1199.61896846315
2352 -1199.9059123516
2353 -1200.11486448553
2354 -1200.13064540729
2355 -1199.54426767043
2356 -1199.64005322771
2357 -1200.29387230322
2358 -1199.70191041718
2359 -1199.94466587939
2360 -1199.77766534404
2361 -1200.4549570957
2362 -1200.20802458058
2363 -1200.08663166384
2364 -1200.24754231344
2365 -1200.12381050596
2366 -1200.0316919284
2367 -1200.16972632057
2368 -1199.77787241942
2369 -1199.89697529855
2370 -1199.73769630438
2371 -1199.70988506066
2372 -1199.69271734535
2373 -1199.88495339027
2374 -1200.5223979977
2375 -1199.77670098567
2376 -1199.92315689886
2377 -1200.36949040386
2378 -1199.70064158718
2379 -1199.68420793784
2380 -1199.73155439675
2381 -1199.98054460022
2382 -1199.87868724787
2383 -1199.81900419244
2384 -1199.60534816504
2385 -1200.15203808592
2386 -1200.16120079088
2387 -1199.98001389194
2388 -1200.52040166548
2389 -1200.20949482864
2390 -1199.84625340893
2391 -1200.3759605988
2392 -1200.17762078257
2393 -1199.61557597669
2394 -1200.03857640074
2395 -1200.4540480797
2396 -1199.72161453778
2397 -1199.98620750458
2398 -1199.66470959925
2399 -1200.37813834795
2400 -1200.34274850341
2401 -1199.95668035312
2402 -1200.3922759199
2403 -1199.77469741422
2404 -1199.88634086719
2405 -1200.30185277682
2406 -1200.29784718852
2407 -1200.19341610268
2408 -1199.96517466
2409 -1200.14064648773
2410 -1200.01793228562
2411 -1199.79188968554
2412 -1199.69069250171
2413 -1199.97870243074
2414 -1199.8680590148
2415 -1200.20549768751
2416 -1200.06436807899
2417 -1199.65536164035
2418 -1199.35166466798
2419 -1199.823104943
2420 -1200.2598877896
2421 -1200.0412738459
2422 -1200.46632070645
2423 -1199.35682697571
2424 -1199.93575956394
2425 -1199.83006175407
2426 -1199.33610156115
2427 -1199.87644601195
2428 -1199.94948081245
2429 -1199.8369108232
2430 -1200.06227966754
2431 -1200.00248543009
2432 -1200.14039464686
2433 -1200.33183329452
2434 -1200.08671266506
2435 -1199.65407666721
2436 -1199.89531556629
2437 -1199.93973784017
2438 -1200.425027843
2439 -1200.16718533256
2440 -1200.5897116278
2441 -1200.25316121069
2442 -1199.97083314802
2443 -1199.90706585228
2444 -1199.59581579236
2445 -1200.24020908237
2446 -1200.05001116172
2447 -1199.6430497916
2448 -1200.35706447135
2449 -1200.23747108876
2450 -1199.93298107399
2451 -1199.43246899321
2452 -1200.2751813396
2453 -1200.13444376493
2454 -1200.24173790537
2455 -1200.40777813399
2456 -1199.65344370004
2457 -1200.42806564751
2458 -1200.46920448062
2459 -1199.70761812467
2460 -1199.97078140782
2461 -1199.84768139851
2462 -1199.66518499532
2463 -1200.20085134814
2464 -1199.90744526277
2465 -1199.36629986953
2466 -1200.03235888781
2467 -1200.0338410197
2468 -1200.35955652487
2469 -1199.51722715526
2470 -1199.964186659
2471 -1200.39957600012
2472 -1200.13736741202
2473 -1199.91667032772
2474 -1200.06163578407
2475 -1199.94389652998
2476 -1200.25959552228
2477 -1200.10167047498
2478 -1199.9535677998
2479 -1199.62406686826
2480 -1199.71568193201
2481 -1200.11620868023
2482 -1200.02544575712
2483 -1200.36398429513
2484 -1199.17081065934
2485 -1199.86434305522
2486 -1199.73316222708
2487 -1200.3135922232
2488 -1199.53962156
2489 -1200.10196940772
2490 -1200.00721139552
2491 -1199.45725588131
2492 -1200.06929191741
2493 -1200.14792239392
2494 -1199.96533799059
2495 -1199.9743216791
2496 -1200.3139518038
2497 -1200.4985477782
2498 -1199.93966954076
2499 -1200.32269586031
2500 -1199.91563751777
2501 -1200.38646976185
2502 -1200.54046488642
2503 -1199.77293828183
2504 -1200.04637101554
2505 -1200.35178463923
2506 -1199.39892427096
2507 -1199.89866847867
2508 -1200.36673242645
2509 -1199.73472669637
2510 -1199.94832934001
2511 -1200.20728770753
2512 -1200.47208165701
2513 -1199.91954194594
2514 -1199.70811149357
2515 -1200.28896316424
2516 -1199.76176386018
2517 -1200.61212446552
2518 -1200.10968602403
2519 -1200.06507905493
2520 -1199.71144231312
2521 -1200.22470979436
2522 -1200.12644160672
2523 -1199.93455117899
2524 -1199.93075726811
2525 -1199.87247252957
2526 -1199.78167925003
2527 -1200.20626909437
2528 -1199.81032863973
2529 -1200.40890123145
2530 -1200.2534887284
2531 -1199.73194044347
2532 -1199.97402592277
2533 -1199.15965918825
2534 -1199.90109509491
2535 -1199.24202976176
2536 -1200.17606404952
2537 -1200.1457365224
2538 -1199.95880534522
2539 -1199.62900803311
2540 -1200.15420284492
2541 -1200.33363942956
2542 -1199.28055429904
2543 -1199.67370693823
2544 -1199.91833670573
2545 -1200.77515653125
2546 -1199.84789487025
2547 -1200.04977925651
2548 -1199.68512145225
2549 -1199.61786449579
2550 -1200.38787977516
2551 -1199.63547516362
2552 -1199.6791259615
2553 -1199.58041839588
2554 -1199.88967308239
2555 -1199.9052947483
2556 -1200.05421856243
2557 -1199.66090161494
2558 -1200.04510924761
2559 -1199.95615388719
2560 -1199.64520038682
2561 -1199.80470409859
2562 -1200.05434848988
2563 -1200.14100012024
2564 -1200.12798000441
2565 -1200.12577222546
2566 -1200.07118257885
2567 -1199.87539773646
2568 -1200.12811056539
2569 -1199.76186226614
2570 -1199.80175979221
2571 -1200.24805058236
2572 -1199.84786236428
2573 -1200.07896110999
2574 -1200.17112220218
2575 -1200.03675496915
2576 -1200.22709837837
2577 -1199.86467212822
2578 -1200.07588378476
2579 -1200.17152112975
2580 -1199.85015403039
2581 -1199.90408657427
2582 -1199.8034534817
2583 -1199.38904105168
2584 -1199.95275074844
2585 -1199.46690537132
2586 -1199.82567064465
2587 -1200.21162407942
2588 -1199.58354841102
2589 -1200.08303482841
2590 -1199.65635558663
2591 -1200.18021816253
2592 -1200.12398556741
2593 -1200.1643218102
2594 -1199.67394956132
2595 -1200.03409553497
2596 -1199.72885230716
2597 -1199.86017933248
2598 -1200.06610818682
2599 -1200.338865148
2600 -1199.99387410912
2601 -1200.28770367484
2602 -1200.32837046897
2603 -1200.25861787661
2604 -1200.54693304665
2605 -1200.47903622385
2606 -1200.66773980989
2607 -1199.94884938692
2608 -1200.05125076198
2609 -1200.42969084757
2610 -1199.97407456248
2611 -1200.11642745045
2612 -1200.26984369806
2613 -1199.87725362554
2614 -1200.79867378111
2615 -1200.0070277796
2616 -1199.52711179844
2617 -1199.70065249791
2618 -1200.23257073602
2619 -1199.86029450182
2620 -1200.14959780478
2621 -1200.12012621923
2622 -1199.86109770555
2623 -1200.00861781485
2624 -1200.10854851674
2625 -1200.51641239256
2626 -1199.72418117674
2627 -1199.93552817661
2628 -1199.30724768897
2629 -1199.73470684748
2630 -1200.28732970402
2631 -1199.98354857613
2632 -1199.50228084675
2633 -1199.79931789903
2634 -1199.73439123912
2635 -1200.00920246927
2636 -1199.94434963552
2637 -1199.97415153544
2638 -1199.7905843489
2639 -1200.09276697808
2640 -1199.5502395702
2641 -1200.08432248758
2642 -1200.26614553895
2643 -1200.00102732988
2644 -1199.58981450424
2645 -1200.01050952479
2646 -1200.1392480631
2647 -1200.13299567945
2648 -1200.13762353658
2649 -1199.71539571548
2650 -1200.14210423041
2651 -1199.64096082512
2652 -1199.95612533546
2653 -1200.12368624094
2654 -1199.56402093508
2655 -1200.6711751375
2656 -1200.19727224015
2657 -1199.75419337798
2658 -1199.7728706187
2659 -1200.04898535095
2660 -1200.47049967516
2661 -1199.47382840075
2662 -1199.2848546032
2663 -1200.14245924855
2664 -1199.6058845183
2665 -1199.84935974499
2666 -1200.12666444396
2667 -1199.97457634945
2668 -1199.57703741564
2669 -1199.57971105951
2670 -1200.35152647721
2671 -1200.17542106004
2672 -1199.71630762486
2673 -1199.82072814889
2674 -1199.70452886452
2675 -1200.04773072503
2676 -1199.88270760643
2677 -1200.31024060757
2678 -1199.54095415886
2679 -1200.27251300838
2680 -1200.81445327489
2681 -1199.89497916729
2682 -1199.77391113264
2683 -1200.1807015916
2684 -1200.42228209302
2685 -1199.5951645327
2686 -1199.87012480947
2687 -1199.76080127898
2688 -1200.03058854997
2689 -1199.63091226074
2690 -1200.09200116052
2691 -1200.28275860877
2692 -1200.19333339255
2693 -1200.12435642214
2694 -1200.11626202164
2695 -1199.8269888468
2696 -1200.31193412602
2697 -1199.99194681102
2698 -1199.90898592517
2699 -1199.90046021493
2700 -1200.10967077165
2701 -1199.98813102827
2702 -1199.75644292167
2703 -1200.26869586526
2704 -1200.10915728299
2705 -1199.6206777678
2706 -1199.62295792909
2707 -1199.54010612499
2708 -1199.86021507006
2709 -1199.46065919053
2710 -1200.2120881416
2711 -1199.86406186755
2712 -1199.83884736626
2713 -1200.05081826663
2714 -1200.858536602
2715 -1199.81653211644
2716 -1199.62017705424
2717 -1200.01699447904
2718 -1200.23490888277
2719 -1199.54282446328
2720 -1200.60704023035
2721 -1199.34485591137
2722 -1200.28630143696
2723 -1199.93156397011
2724 -1199.90081548842
2725 -1200.4334519219
2726 -1199.71611475005
2727 -1199.65565508832
2728 -1199.98194663043
2729 -1199.79783789919
2730 -1200.37595316095
2731 -1200.27079089852
2732 -1199.43316037323
2733 -1199.91745169897
2734 -1199.75954326968
2735 -1199.91538851056
2736 -1199.6779585342
2737 -1199.97511091195
2738 -1199.9783355175
2739 -1200.04701980797
2740 -1199.6199406957
2741 -1199.95485245258
2742 -1199.41392507325
2743 -1199.90746312099
2744 -1200.10332337124
2745 -1199.99279610565
2746 -1200.2822339431
2747 -1200.48383928097
2748 -1200.05887137121
2749 -1200.4026704731
2750 -1199.84927750182
2751 -1200.79887750839
2752 -1200.22523657128
2753 -1200.29426395695
2754 -1199.58574753565
2755 -1199.42954675314
2756 -1199.61755722163
2757 -1200.12385650623
2758 -1200.09889811969
2759 -1199.72927184623
2760 -1199.88074045758
2761 -1200.20779318366
2762 -1200.64251798675
2763 -1200.34354591509
2764 -1200.08939448159
2765 -1200.43951102105
2766 -1199.59720083441
2767 -1199.79261764249
2768 -1200.41670446378
2769 -1199.60620090899
2770 -1199.54496939565
2771 -1199.98199084065
2772 -1199.53609133337
2773 -1200.17994127602
2774 -1200.02206171094
2775 -1200.22586100665
2776 -1199.83700196987
2777 -1199.96085101556
2778 -1199.75280503861
2779 -1199.94874605414
2780 -1200.32249012092
2781 -1200.18615828394
2782 -1199.31038108417
2783 -1200.49130998853
2784 -1199.6144435819
2785 -1200.27782281643
2786 -1199.85351724726
2787 -1199.89528754784
2788 -1199.88447443151
2789 -1199.31703981487
2790 -1199.77447053285
2791 -1200.09015296174
2792 -1199.74198342309
2793 -1200.11104810474
2794 -1200.40418089189
2795 -1199.80137436549
2796 -1199.9310375161
2797 -1200.0667046623
2798 -1199.5705647197
2799 -1199.80267731592
2800 -1200.13187181013
2801 -1200.51766251752
2802 -1200.05264187859
2803 -1200.19082554264
2804 -1200.44169811269
2805 -1199.21883942528
2806 -1200.15628358765
2807 -1200.11713018678
2808 -1199.9195341568
2809 -1199.98829611658
2810 -1199.8608456991
2811 -1200.32475868503
2812 -1200.20436432549
2813 -1199.84747621711
2814 -1199.65256179201
2815 -1200.3564674787
2816 -1199.66312217308
2817 -1199.65487341517
2818 -1200.09291757331
2819 -1199.86104991218
2820 -1200.01192744775
2821 -1199.82703744466
2822 -1199.3942603844
2823 -1200.09127842535
2824 -1199.92637686239
2825 -1199.84035935187
2826 -1199.86764022408
2827 -1199.77532566171
2828 -1200.27065964688
2829 -1199.46522700636
2830 -1200.12202726632
2831 -1200.33320318199
2832 -1199.62419616827
2833 -1200.23327313179
2834 -1200.6322156376
2835 -1200.68211378956
2836 -1200.37817618704
2837 -1199.73708339116
2838 -1200.45600633924
2839 -1200.40176027291
2840 -1199.78971422817
2841 -1199.94817159417
2842 -1200.18773800946
2843 -1200.2068740515
2844 -1199.98052369516
2845 -1199.92045023058
2846 -1200.30767172787
2847 -1199.74196271528
2848 -1200.44612070416
2849 -1200.12940934862
2850 -1200.29050128957
2851 -1200.07287172829
2852 -1200.25119532244
2853 -1199.7689773237
2854 -1199.91209273241
2855 -1200.16343637285
2856 -1200.00428235284
2857 -1200.05822410625
2858 -1199.91450170088
2859 -1199.87617869076
2860 -1199.70517581221
2861 -1199.85346327356
2862 -1200.02560908639
2863 -1200.36599610816
2864 -1199.89262432237
2865 -1200.23972708371
2866 -1200.15517483148
2867 -1200.03324035473
2868 -1200.53416076907
2869 -1200.33459705144
2870 -1199.86646461264
2871 -1199.92900477931
2872 -1199.61069460626
2873 -1199.86635897427
2874 -1200.13225681983
2875 -1199.22870062902
2876 -1200.02192890206
2877 -1199.76208662785
2878 -1199.88967421575
2879 -1199.95572411983
2880 -1200.21288972522
2881 -1200.14581897248
2882 -1200.14284944673
2883 -1200.09221823703
2884 -1199.60773546702
2885 -1199.7501569712
2886 -1200.27916473994
2887 -1200.04792754516
2888 -1199.76752703983
2889 -1199.67119243938
2890 -1200.21906653369
2891 -1199.89506508654
2892 -1199.7475877163
2893 -1199.76257560675
2894 -1200.13195885352
2895 -1200.56611863775
2896 -1199.73831079123
2897 -1200.0723045725
2898 -1200.1513219085
2899 -1199.78356967209
2900 -1199.97496922872
2901 -1200.13506628065
2902 -1200.00325809568
2903 -1199.83043500113
2904 -1200.28716302091
2905 -1200.30508425093
2906 -1200.07170564425
2907 -1199.54266264058
2908 -1200.1547706454
2909 -1200.06737229817
2910 -1199.53078001607
2911 -1200.54824144026
2912 -1200.11819517231
2913 -1199.67114659596
2914 -1200.07549148126
2915 -1200.05801181571
2916 -1199.54758194462
2917 -1200.3420067581
2918 -1199.98491929825
2919 -1200.57231717741
2920 -1199.8104241436
2921 -1199.80114988457
2922 -1200.15029229551
2923 -1199.85839381957
2924 -1200.78432522037
2925 -1199.62055977001
2926 -1200.06722392664
2927 -1199.83379250413
2928 -1200.36520539248
2929 -1199.89567557042
2930 -1199.9993123967
2931 -1200.14615289763
2932 -1199.34605911192
2933 -1200.32814439794
2934 -1200.70974594177
2935 -1200.11530412518
2936 -1199.26376716769
2937 -1199.81142669472
2938 -1199.64126018553
2939 -1199.88512115858
2940 -1199.96353700501
2941 -1199.98748958639
2942 -1200.34921187722
2943 -1199.74395183531
2944 -1200.43969700728
2945 -1200.47688999748
2946 -1200.18453756136
2947 -1200.03708486385
2948 -1200.13521769184
2949 -1199.98206929481
2950 -1200.21782836359
2951 -1200.20361298447
2952 -1200.11724869095
2953 -1200.04791092939
2954 -1199.78614798592
2955 -1200.2428908941
2956 -1200.20809691144
2957 -1199.99761845468
2958 -1199.65733625218
2959 -1200.17757120563
2960 -1199.64878799655
2961 -1200.29033856395
2962 -1199.77413831959
2963 -1199.85960746052
2964 -1199.80624049617
2965 -1200.08901599339
2966 -1199.93235850083
2967 -1199.60230624695
2968 -1200.4359828304
2969 -1200.1698166748
2970 -1199.83316576033
2971 -1199.80092851043
2972 -1199.27615291165
2973 -1200.00696385151
2974 -1200.19702219543
2975 -1200.42792070437
2976 -1200.02490306816
2977 -1200.42486339671
2978 -1200.55360329656
2979 -1200.104141508
2980 -1200.10563074512
2981 -1199.97545574217
2982 -1200.20033899535
2983 -1199.93479178075
2984 -1199.94973246531
2985 -1200.07895908109
2986 -1200.09016793325
2987 -1200.10763129862
2988 -1199.60455915916
2989 -1199.97087217837
2990 -1199.66918440106
2991 -1200.04166036563
2992 -1199.96952683408
2993 -1199.37758080916
2994 -1199.86317725827
2995 -1200.23136327591
2996 -1199.69638795806
2997 -1199.72029967511
2998 -1199.89085764666
2999 -1199.73552314074
3000 -1199.98460512655
3001 -1199.79874365209
3002 -1200.3740518627
3003 -1200.01520917137
3004 -1199.87459518133
3005 -1200.41881640221
3006 -1200.08014211726
3007 -1199.70439262601
3008 -1199.92077782475
3009 -1199.84914218773
3010 -1200.34601450477
3011 -1200.21274622442
3012 -1199.51714421958
3013 -1200.4149019441
3014 -1200.17765851769
3015 -1199.51605405402
3016 -1200.69720236255
3017 -1199.94161637241
3018 -1200.68000410312
3019 -1200.65332484556
3020 -1200.01414530409
3021 -1199.87947931783
3022 -1199.67230625377
3023 -1200.16526234139
3024 -1199.67283090116
3025 -1199.77897902811
3026 -1199.77922322708
3027 -1200.67199268202
3028 -1200.47734880382
3029 -1200.36538003576
3030 -1200.01578858708
3031 -1200.11723257693
3032 -1199.84847849329
3033 -1199.80302837334
3034 -1199.77529128785
3035 -1199.78426270595
3036 -1200.07942610891
3037 -1199.99269318383
3038 -1200.06975034836
3039 -1199.5136498054
3040 -1200.52109465219
3041 -1199.79199201558
3042 -1199.92516402415
3043 -1199.58826868121
3044 -1199.27407314296
3045 -1199.76875293273
3046 -1200.08661731836
3047 -1199.78883544097
3048 -1199.98530335485
3049 -1200.50558717494
3050 -1200.09701432784
3051 -1200.26373089491
3052 -1200.20428416616
3053 -1200.05951868308
3054 -1199.70199564098
3055 -1200.33177452715
3056 -1199.88647191467
3057 -1200.07730533518
3058 -1199.60269189099
3059 -1200.07190177994
3060 -1200.24879111231
3061 -1199.78678703651
3062 -1200.00516960336
3063 -1199.88784381745
3064 -1199.92618345508
3065 -1200.16817620058
3066 -1200.31762130871
3067 -1200.25340929711
3068 -1200.16572911955
3069 -1199.72898536111
3070 -1199.58528435434
3071 -1199.53106405544
3072 -1200.05480425616
3073 -1199.66011992341
3074 -1199.97908843751
3075 -1200.16023836161
3076 -1199.90585726805
3077 -1199.99381859523
3078 -1200.09328819458
3079 -1200.07971567616
3080 -1199.92937909074
3081 -1200.10290680402
3082 -1200.00692639774
3083 -1199.44296943205
3084 -1200.16737480792
3085 -1199.84375079407
3086 -1200.44838728999
3087 -1200.09605760742
3088 -1199.64217663877
3089 -1199.26523261578
3090 -1200.58911736069
3091 -1200.12486980936
3092 -1199.67283711523
3093 -1200.09460212573
3094 -1200.30559490025
3095 -1200.14947573765
3096 -1200.01900672683
3097 -1200.03929582491
3098 -1199.7365008745
3099 -1199.89607481709
3100 -1200.42132608279
3101 -1199.71579753926
3102 -1199.64716638764
3103 -1199.29493172363
3104 -1199.74831450082
3105 -1199.88018079781
3106 -1199.63080911519
3107 -1199.93037079837
3108 -1200.07313167667
3109 -1199.98242840164
3110 -1199.62533978064
3111 -1199.84165917541
3112 -1199.99513923106
3113 -1199.57967936502
3114 -1199.9799181892
3115 -1200.0723715572
3116 -1199.68920629777
3117 -1200.30438135587
3118 -1199.69329861625
3119 -1199.97866514141
3120 -1200.16520852316
3121 -1200.67514928937
3122 -1200.11436958329
3123 -1200.25889021069
3124 -1200.33063477682
3125 -1200.28502314648
3126 -1199.71780859903
3127 -1200.07073524545
3128 -1200.62037950556
3129 -1200.09837434097
3130 -1200.32270646968
3131 -1200.5206503236
3132 -1199.69030406336
3133 -1200.1925175059
3134 -1199.46041621567
3135 -1200.00031014374
3136 -1199.89382889023
3137 -1200.49799709976
3138 -1200.07681150779
3139 -1199.79839122692
3140 -1200.07637923389
3141 -1199.98451655065
3142 -1200.02451486574
3143 -1199.64887926364
3144 -1199.8988936972
3145 -1199.47278112575
3146 -1200.16326669779
3147 -1200.0717795891
3148 -1200.41631305649
3149 -1200.55445597094
3150 -1200.20586327005
3151 -1200.02003355671
3152 -1200.25832980021
3153 -1200.02135015676
3154 -1199.89010506425
3155 -1200.23256633504
3156 -1199.86329620558
3157 -1200.42777300015
3158 -1200.42840832394
3159 -1199.56995035068
3160 -1199.89094301785
3161 -1199.75196612369
3162 -1199.58394848311
3163 -1200.14815266552
3164 -1200.32296466637
3165 -1199.79581633253
3166 -1200.47371130138
3167 -1199.73322398695
3168 -1199.99841688239
3169 -1200.45790518555
3170 -1199.88071143025
3171 -1200.2242253752
3172 -1200.48962382201
3173 -1200.08682346026
3174 -1200.19121476451
3175 -1200.40284100638
3176 -1200.09213185578
3177 -1199.95504093454
3178 -1199.99582618175
3179 -1199.98827423017
3180 -1199.839353531
3181 -1200.0050577592
3182 -1199.95895228494
3183 -1199.9702746726
3184 -1199.61789210855
3185 -1199.97795661376
3186 -1199.85058068916
3187 -1200.13177574357
3188 -1199.98712540125
3189 -1199.9004039497
3190 -1200.23532669311
3191 -1200.08677697814
3192 -1200.01826403008
3193 -1199.82641733134
3194 -1199.80215158213
3195 -1199.90176992231
3196 -1199.88526304195
3197 -1199.92629892138
3198 -1200.06372966296
3199 -1199.97018638463
3200 -1200.51458480967
3201 -1200.24948440786
3202 -1199.91289194828
3203 -1199.68785135388
3204 -1199.85876662059
3205 -1200.60455537354
3206 -1200.01396181776
3207 -1199.77681538601
3208 -1200.76566385963
3209 -1199.93837479132
3210 -1199.9048402171
3211 -1200.79300843737
3212 -1199.58799199282
3213 -1200.31423018505
3214 -1199.98547634508
3215 -1199.99711845013
3216 -1200.21765515172
3217 -1199.548796514
3218 -1200.41365106629
3219 -1200.1298457144
3220 -1200.09045046116
3221 -1199.95367082947
3222 -1200.05183739858
3223 -1200.56083045751
3224 -1200.46786436196
3225 -1200.12311480202
3226 -1199.96886819328
3227 -1200.14945148634
3228 -1200.07153704683
3229 -1199.70220110875
3230 -1199.77487847753
3231 -1199.79475288465
3232 -1200.06248939908
3233 -1200.41701354875
3234 -1199.87730801157
3235 -1199.46688537244
3236 -1199.69093114252
3237 -1199.72524567845
3238 -1199.45506834934
3239 -1200.50504027131
3240 -1200.00412094314
3241 -1199.96049220372
3242 -1200.0033788684
3243 -1199.75899631051
3244 -1199.96259605307
3245 -1199.94368522751
3246 -1200.02280244885
3247 -1199.64275021501
3248 -1200.57649230092
3249 -1199.82089265465
3250 -1200.33283185098
3251 -1200.00856213763
3252 -1200.18427309358
3253 -1199.82189611218
3254 -1199.60960211395
3255 -1200.09758094762
3256 -1199.91092301417
3257 -1200.36706548908
3258 -1200.70043561449
3259 -1199.51039025004
3260 -1199.95214480265
3261 -1199.56464015298
3262 -1200.10634307294
3263 -1200.09090216082
3264 -1200.61110567519
3265 -1200.15676848002
3266 -1200.19533876183
3267 -1200.19533575441
3268 -1200.07977082656
3269 -1200.53257155617
3270 -1200.39724768288
3271 -1200.17769264462
3272 -1199.67229454464
3273 -1200.07753713309
3274 -1199.81078880331
3275 -1199.78469296332
3276 -1200.45469926388
3277 -1199.79441549227
3278 -1200.11491923107
3279 -1199.94999592867
3280 -1200.75350722217
3281 -1200.26369402169
3282 -1199.90211903506
3283 -1200.00752984242
3284 -1200.52607006403
3285 -1199.60071829981
3286 -1200.32085122381
3287 -1200.0596546652
3288 -1200.03655580035
3289 -1200.40562344428
3290 -1199.66649286067
3291 -1200.16492743674
3292 -1200.63826903008
3293 -1199.90438850359
3294 -1200.72701595172
3295 -1199.92388782118
3296 -1200.03565635505
3297 -1200.0879275649
3298 -1200.44823798324
3299 -1200.22073757891
3300 -1199.53805510927
3301 -1200.0373740754
3302 -1200.45959866414
3303 -1199.67878099887
3304 -1200.39653050897
3305 -1199.92762600994
3306 -1199.93647306281
3307 -1199.91008042716
3308 -1199.80114243889
3309 -1200.1219671471
3310 -1200.40989924291
3311 -1200.00210810634
3312 -1199.73965785588
3313 -1200.00998554032
3314 -1200.06710624578
3315 -1200.1872822577
3316 -1200.03190538231
3317 -1200.09298643985
3318 -1199.71627105596
3319 -1199.5769763563
3320 -1199.77900945566
3321 -1199.85031442102
3322 -1201.00398676789
3323 -1200.45631719317
3324 -1199.85663636513
3325 -1200.33801993095
3326 -1200.34495126877
3327 -1199.78742303765
3328 -1200.19864639655
3329 -1199.85615193556
3330 -1200.07290140793
3331 -1199.9580304572
3332 -1199.68677399507
3333 -1199.60549333131
3334 -1199.73408908902
3335 -1200.25889458302
3336 -1200.2379456119
3337 -1200.29909158695
3338 -1200.07977416365
3339 -1199.83642689362
3340 -1199.58267081914
3341 -1199.77247343355
3342 -1200.39626334603
3343 -1199.84886269515
3344 -1199.75160203489
3345 -1199.87114244182
3346 -1199.8492335916
3347 -1200.1164381672
3348 -1199.59414022471
3349 -1200.32995396271
3350 -1199.7893202827
3351 -1200.07887663164
3352 -1199.94127456502
3353 -1200.14867273029
3354 -1199.30161141316
3355 -1200.15550831666
3356 -1200.04182950235
3357 -1200.06420618937
3358 -1200.02095850327
3359 -1199.90491900297
3360 -1199.79130617145
3361 -1200.00292764283
3362 -1200.09384182929
3363 -1200.56037984782
3364 -1200.19319332051
3365 -1199.72973993912
3366 -1199.71999666486
3367 -1200.03175414298
3368 -1200.3828360821
3369 -1200.10341509597
3370 -1199.74544260149
3371 -1200.68561669807
3372 -1199.66441585519
3373 -1200.01951397269
3374 -1200.25033809498
3375 -1199.76932234601
3376 -1199.98924517231
3377 -1200.054131433
3378 -1199.60157161378
3379 -1199.6779458091
3380 -1199.51199979691
3381 -1199.94678391051
3382 -1199.79183721368
3383 -1200.16629848919
3384 -1199.79832893555
3385 -1200.4099280204
3386 -1199.65384163992
3387 -1200.17318346622
3388 -1200.13318455214
3389 -1200.84894568308
3390 -1200.03936422085
3391 -1200.02679185612
3392 -1199.53321186114
3393 -1200.251190741
3394 -1199.81733641266
3395 -1199.80514016697
3396 -1200.39246889392
3397 -1200.3319969059
3398 -1199.91382772824
3399 -1200.29937603946
3400 -1200.35483439335
3401 -1200.16698694917
3402 -1200.32000150739
3403 -1199.82707342455
3404 -1200.08878288501
3405 -1200.39594428429
3406 -1199.61880075803
3407 -1199.49116176466
3408 -1200.17947838133
3409 -1200.04776087436
3410 -1199.17875862107
3411 -1199.86180967497
3412 -1200.12264537992
3413 -1200.13440419482
3414 -1200.10687221093
3415 -1199.90342516822
3416 -1200.5137192283
3417 -1199.84531357663
3418 -1200.23628348739
3419 -1200.59388302586
3420 -1199.83031844247
3421 -1199.76303937779
3422 -1200.27245838645
3423 -1200.1493457969
3424 -1199.54043284931
3425 -1200.07296608379
3426 -1199.79580954366
3427 -1199.90091209279
3428 -1199.84601844719
3429 -1200.44112808881
3430 -1199.8399680139
3431 -1200.22725673816
3432 -1199.97888010448
3433 -1200.02099919433
3434 -1200.11552488298
3435 -1200.10490952512
3436 -1199.72328095206
3437 -1200.14614934833
3438 -1199.99696845878
3439 -1200.05478246486
3440 -1200.61868825346
3441 -1199.93938504064
3442 -1199.94114121497
3443 -1200.06344960384
3444 -1200.21690513114
3445 -1199.87812133536
3446 -1200.07841494954
3447 -1199.94887912237
3448 -1199.60328217457
3449 -1200.23320210963
3450 -1200.25060728867
3451 -1200.30248764206
3452 -1200.11949667168
3453 -1200.13724251745
3454 -1199.56695105435
3455 -1199.34216678915
3456 -1199.95603518201
3457 -1200.05125790359
3458 -1199.84070859472
3459 -1199.89962298853
3460 -1200.07707625391
3461 -1200.33703141463
3462 -1199.64729152979
3463 -1199.92091272179
3464 -1199.88964667748
3465 -1199.90792675024
3466 -1200.00007130882
3467 -1199.79684061668
3468 -1199.96730396062
3469 -1199.46914147719
3470 -1199.84888232158
3471 -1200.31720744678
3472 -1200.42475357228
3473 -1200.00406769288
3474 -1199.71751535762
3475 -1199.91196439917
3476 -1199.81497023307
3477 -1199.8140117584
3478 -1199.60845647614
3479 -1200.2167106153
3480 -1199.76935757798
3481 -1200.08901997061
3482 -1199.93660214128
3483 -1200.31957645807
3484 -1200.10278366693
3485 -1200.10003065295
3486 -1200.34698393634
3487 -1199.61032853717
3488 -1200.16576310147
3489 -1200.06904912119
3490 -1199.58873975575
3491 -1199.78876165769
3492 -1199.66241039542
3493 -1199.59582219762
3494 -1199.90259039363
3495 -1199.91837458188
3496 -1199.8127706633
3497 -1200.03996655142
3498 -1199.76401331785
3499 -1199.92210283619
3500 -1200.25767173994
3501 -1200.08638076689
3502 -1200.37974283379
3503 -1199.78612149585
3504 -1200.10785021189
3505 -1199.93660591929
3506 -1199.84153696013
3507 -1200.00265224397
3508 -1199.98229434023
3509 -1199.75228473479
3510 -1200.44701004837
3511 -1200.30256803989
3512 -1199.99412168541
3513 -1199.82294638181
3514 -1200.06133014568
3515 -1200.18380950893
3516 -1200.30690086069
3517 -1199.57017201895
3518 -1200.49186566272
3519 -1200.24738899626
3520 -1200.08773440452
3521 -1200.45777552473
3522 -1199.93870301811
3523 -1199.57757717773
3524 -1199.74749820695
3525 -1199.62467202015
3526 -1199.44981226357
3527 -1200.24563440524
3528 -1200.50157643884
3529 -1200.20323137909
3530 -1200.45280108286
3531 -1200.00683095712
3532 -1199.78826266502
3533 -1199.73917871859
3534 -1199.98710556094
3535 -1200.05145155979
3536 -1200.2538839219
3537 -1199.96473729367
3538 -1199.86300953849
3539 -1200.00882511893
3540 -1199.60746488243
3541 -1199.81727519343
3542 -1199.61726319547
3543 -1200.02192025682
3544 -1199.77538988356
3545 -1199.96247560003
3546 -1199.27109166225
3547 -1200.01161804814
3548 -1200.16928805002
3549 -1199.36502628316
3550 -1200.57680954624
3551 -1200.31535977658
3552 -1200.30084558826
3553 -1200.43223540221
3554 -1200.12019568378
3555 -1199.36855899571
3556 -1200.11308520566
3557 -1199.96370560993
3558 -1199.73777105419
3559 -1200.3218661226
3560 -1200.33539457789
3561 -1199.42059149434
3562 -1200.35693496418
3563 -1199.7436871851
3564 -1200.02909465281
3565 -1200.0940440371
3566 -1200.17001933242
3567 -1199.74449117069
3568 -1200.10589984792
3569 -1200.3080258446
3570 -1199.95069848583
3571 -1200.15849853545
3572 -1200.1837089019
3573 -1200.25219667224
3574 -1200.18234751045
3575 -1200.08658435826
3576 -1199.9242969656
3577 -1199.90553264437
3578 -1200.22550716786
3579 -1200.11660336607
3580 -1199.91158982295
3581 -1200.47542077407
3582 -1200.49687146407
3583 -1199.83189774325
3584 -1200.22378138655
3585 -1200.40444290529
3586 -1200.02375087685
3587 -1200.36699031577
3588 -1199.93382060476
3589 -1200.34035653714
3590 -1200.15285930041
3591 -1200.17873149617
3592 -1200.06779818486
3593 -1200.37732002754
3594 -1200.07619012085
3595 -1200.03136163992
3596 -1200.06578334295
3597 -1200.1772691286
3598 -1199.54179325405
3599 -1199.70011011746
3600 -1199.85887253306
3601 -1199.50971187316
3602 -1199.70583305946
3603 -1199.94709309113
3604 -1200.08080861138
3605 -1200.64298131416
3606 -1199.95475402211
3607 -1200.10170814654
3608 -1199.75112203569
3609 -1200.18513554491
3610 -1200.62429389182
3611 -1199.47625936866
3612 -1199.72822336489
3613 -1199.71839133069
3614 -1200.70832928539
3615 -1200.20343588211
3616 -1200.35350774066
3617 -1199.84822601082
3618 -1199.49215436776
3619 -1199.93099514846
3620 -1199.8183083408
3621 -1199.93878322563
3622 -1199.87975657058
3623 -1200.16745300093
3624 -1199.30649400891
3625 -1199.68597744964
3626 -1199.47387428177
3627 -1200.28844451607
3628 -1200.16566035579
3629 -1199.90598746441
3630 -1199.86240439769
3631 -1200.63656659868
3632 -1199.8998484311
3633 -1200.41155361441
3634 -1200.34290554905
3635 -1199.16519123639
3636 -1200.08098681446
3637 -1200.44999365398
3638 -1199.66852766786
3639 -1200.15552128762
3640 -1199.80498078009
3641 -1200.09076909305
3642 -1199.73364335305
3643 -1199.61663148984
3644 -1199.7110745653
3645 -1200.08569878936
3646 -1200.29693434183
3647 -1200.21356818905
3648 -1199.86997438536
3649 -1200.1929799346
3650 -1200.05794698452
3651 -1199.59486306858
3652 -1199.96346550996
3653 -1199.73662198269
3654 -1199.78487006148
3655 -1200.14530790906
3656 -1199.80743163269
3657 -1199.76828179412
3658 -1199.62926497045
3659 -1199.91431458327
3660 -1200.21340114447
