122654.01 9577.23707061689 9580.53597157028 0.633991452153197 2.10687038090219 0
123074.01 10271.8534667765 10265.7370394914 0.636215770355654 2.10411702507178 0
123494.01 18457.822174451 18457.9567676539 0.633177206444391 2.10311146942665 0
123914.01 12446.3260005109 12441.5516530898 0.633991452153197 2.10687038090219 0
124334.01 6639.10786488689 6641.32403905379 0.636215770355654 2.10411702507178 0
124754.01 15165.1530659146 15165.0395465563 0.633177206444391 2.10311146942665 0
125174.01 15984.1496405385 15978.9839268666 0.633991452153197 2.10687038090219 0
125594.01 6066.08806142269 6064.62565400681 0.636215770355654 2.10411702507178 0
126014.01 13468.071077803 13471.5690926956 0.633177206444391 2.10311146942665 0
126434.01 20089.7959704497 20094.8352128335 0.633991452153197 2.10687038090219 0
126854.01 8306.09589593408 8311.90623650792 0.636215770355654 2.10411702507178 0
