122652.57 8719.86175335962 8713.37161570771 0.63402718647581 2.10585895547572 0.266162710929135
123072.57 11556.8232084666 11568.6348688863 0.637125030549971 2.10518234571903 0.266162710929135
123492.57 17734.690751482 17727.1062185092 0.636049149455006 2.10884090356438 0.266162710929135
123912.57 9196.99379934258 9185.89766895756 0.63402718647581 2.10585895547572 0.266162710929135
124332.57 11447.4475937677 11438.9920813676 0.637125030549971 2.10518234571903 0.266162710929135
124752.57 22790.1285090703 22784.4018604057 0.636049149455006 2.10884090356438 0.266162710929135
125172.57 11598.6419399309 11593.0551322862 0.63402718647581 2.10585895547572 0.266162710929135
125592.57 13537.210359539 13538.9941617975 0.637125030549971 2.10518234571903 0.266162710929135
126012.57 27544.2052583929 27542.2366439281 0.636049149455006 2.10884090356438 0.266162710929135
126432.57 15337.242255662 15343.1066818787 0.63402718647581 2.10585895547572 0.266162710929135
126852.57 16257.8135447389 16249.2946750427 0.637125030549971 2.10518234571903 0.266162710929135
127272.57 31877.51759053 31885.520797628 0.636049149455006 2.10884090356438 0.266162710929135
