60 12880.3021506865 12882.3345365199 0.263377034776111 2.00853488264439 -1200
120 8736.66808810196 8716.18894315342 0.261799387799149 2.00572299383596 -1180
180 20271.8691617015 20271.0315410947 0.264954651561745 2.00572180268819 -1190
240 11603.7105532877 11607.4273263427 0.263377034776111 2.00853488264439 -1200
300 9117.4039627451 9133.60200066703 0.261799387799149 2.00572299383596 -1180
360 18660.1369348767 18661.204096542 0.264954651561745 2.00572180268819 -1190
420 10501.5812881463 10493.696044925 0.263377034776111 2.00853488264439 -1200
480 9846.94312555187 9835.73614661469 0.261799387799149 2.00572299383596 -1180
540 17077.732079183 17091.3035494299 0.264954651561745 2.00572180268819 -1190
600 9593.6846584194 9592.26163925849 0.263377034776111 2.00853488264439 -1200
660 10818.8827533026 10814.0666362754 0.261799387799149 2.00572299383596 -1180
720 15565.6779174196 15559.9497104744 0.264954651561745 2.00572180268819 -1190
780 8962.28287814676 8973.81428510182 0.263377034776111 2.00853488264439 -1200
840 11967.2832379753 11972.3986505391 0.261799387799149 2.00572299383596 -1180
900 14111.4295159438 14100.7358457913 0.264954651561745 2.00572180268819 -1190
960 8681.15180779942 8674.94602162986 0.263377034776111 2.00853488264439 -1200
1020 13282.3634144147 13279.6982689325 0.261799387799149 2.00572299383596 -1180
1080 12726.7918141384 12723.0844165997 0.264954651561745 2.00572180268819 -1190
1140 8754.38005518083 8753.32050192743 0.263377034776111 2.00853488264439 -1200
1200 14687.4085346108 14708.0840311098 0.261799387799149 2.00572299383596 -1180
1260 11481.1032470876 11477.3496261405 0.264954651561745 2.00572180268819 -1190
1320 9185.62621605676 9201.18751115156 0.263377034776111 2.00853488264439 -1200
1380 16183.6458200213 16177.4508141495 0.261799387799149 2.00572299383596 -1180
1440 10388.0474395823 10384.9599383153 0.264954651561745 2.00572180268819 -1190
1500 9931.33930886369 9940.69064916778 0.263377034776111 2.00853488264439 -1200
1560 17737.6552766519 17730.0876690798 0.261799387799149 2.00572299383596 -1180
1620 9519.42502810189 9515.80049345403 0.264954651561745 2.00572180268819 -1190
1680 10924.4659701897 10933.9544480995 0.263377034776111 2.00853488264439 -1200
1740 19331.2775073206 19322.3635599917 0.261799387799149 2.00572299383596 -1180
1800 8921.52754366385 8918.90402522156 0.264954651561745 2.00572180268819 -1190
1860 12119.2766343511 12116.9950253672 0.263377034776111 2.00853488264439 -1200
1920 20952.9807785414 20939.0028975225 0.261799387799149 2.00572299383596 -1180
1980 8673.88812343927 8668.89548860583 0.264954651561745 2.00572180268819 -1190
2040 13440.1144861951 13440.5025511841 0.263377034776111 2.00853488264439 -1200
2100 22601.8405116481 22597.5947796089 0.261799387799149 2.00572299383596 -1180
2160 8786.51567871317 8792.51182971379 0.264954651561745 2.00572180268819 -1190
2220 14859.0444536317 14860.9534855972 0.263377034776111 2.00853488264439 -1200
2280 24270.966231444 24270.339324031 0.261799387799149 2.00572299383596 -1180
2340 9261.67474482152 9260.97811048287 0.264954651561745 2.00572180268819 -1190
2400 16364.0883370272 16353.1236739829 0.263377034776111 2.00853488264439 -1200
2460 25960.9884861367 25957.5688502252 0.261799387799149 2.00572299383596 -1180
2520 10043.9260530295 10037.7242376741 0.264954651561745 2.00572180268819 -1190
2580 17911.4058913637 17906.3567574798 0.263377034776111 2.00853488264439 -1200
2640 27663.8987773648 27653.6503594934 0.261799387799149 2.00572299383596 -1180
2700 11058.4121871254 11059.8818314126 0.264954651561745 2.00572180268819 -1190
2760 19501.1902227718 19504.4948267135 0.263377034776111 2.00853488264439 -1200
2820 29379.5353325329 29377.685830467 0.261799387799149 2.00572299383596 -1180
2880 12268.0421360924 12264.2493963216 0.264954651561745 2.00572180268819 -1190
2940 21130.655389632 21129.1758683002 0.263377034776111 2.00853488264439 -1200
3000 31116.4060730775 31109.9172002854 0.261799387799149 2.00572299383596 -1180
3060 13601.944054625 13596.5397908718 0.264954651561745 2.00572180268819 -1190
3120 22791.5764620905 22782.6945019675 0.263377034776111 2.00853488264439 -1200
3180 32840.4161175489 32833.7970459208 0.261799387799149 2.00572299383596 -1180
3240 15021.5190651288 15037.6443694771 0.264954651561745 2.00572180268819 -1190
3300 24467.6040472998 24464.8290972314 0.263377034776111 2.00853488264439 -1200
3360 34573.1178491217 34573.2544376066 0.261799387799149 2.00572299383596 -1180
3420 16532.3361489315 16527.018074129 0.264954651561745 2.00572180268819 -1190
3480 26149.5133354388 26152.8717696319 0.263377034776111 2.00853488264439 -1200
3540 36321.724124205 36313.984001356 0.261799387799149 2.00572299383596 -1180
3600 18090.2526690098 18087.3401274627 0.264954651561745 2.00572180268819 -1190
