10 13236.1025635006 13234.1957573105 0.263377034776111 2.00853488264439 -1200
20 8669.20423751826 8664.11983477557 0.261799387799149 2.00572299383596 -1180
30 21637.9839150705 21635.4153386953 0.264954651561745 2.00572180268819 -1190
40 13036.2995907064 13026.4188437478 0.263377034776111 2.00853488264439 -1200
50 8665.84358335653 8662.67256777744 0.261799387799149 2.00572299383596 -1180
60 21353.4473468797 21366.5946556059 0.264954651561745 2.00572180268819 -1190
70 12803.2897966602 12802.9093844763 0.263377034776111 2.00853488264439 -1200
80 8677.37655185879 8678.61975467363 0.261799387799149 2.00572299383596 -1180
90 21093.6022594069 21085.4858016601 0.264954651561745 2.00572180268819 -1190
100 12584.1550853695 12590.7905013898 0.263377034776111 2.00853488264439 -1200
110 8716.67702528591 8715.72768363789 0.261799387799149 2.00572299383596 -1180
120 20805.0740300181 20817.6934568152 0.264954651561745 2.00572180268819 -1190
130 12367.1391588082 12377.2600049336 0.263377034776111 2.00853488264439 -1200
140 8751.48150189739 8760.81116149298 0.261799387799149 2.00572299383596 -1180
150 20540.6947581214 20537.7205509005 0.264954651561745 2.00572180268819 -1190
160 12149.3378878272 12148.9042149589 0.263377034776111 2.00853488264439 -1200
170 8801.19989082816 8796.13904078963 0.261799387799149 2.00572299383596 -1180
180 20270.0292830608 20271.0557903563 0.264954651561745 2.00572180268819 -1190
190 11952.0861699337 11947.0399536556 0.263377034776111 2.00853488264439 -1200
200 8851.72581746584 8859.79105644192 0.261799387799149 2.00572299383596 -1180
210 20004.0600170597 20005.1122936285 0.264954651561745 2.00572180268819 -1190
220 11739.2095685513 11746.9554817161 0.263377034776111 2.00853488264439 -1200
230 8942.76095182953 8931.91455902707 0.261799387799149 2.00572299383596 -1180
240 19728.8488859525 19723.4687939355 0.264954651561745 2.00572180268819 -1190
250 11537.4661969028 11546.7268628924 0.263377034776111 2.00853488264439 -1200
260 9002.5385346797 9015.00626197196 0.261799387799149 2.00572299383596 -1180
270 19460.2916982003 19455.4905277295 0.264954651561745 2.00572180268819 -1190
280 11351.170223792 11348.6812211567 0.263377034776111 2.00853488264439 -1200
290 9092.89706013675 9097.04788741448 0.261799387799149 2.00572299383596 -1180
300 19192.4435310078 19195.1176468675 0.264954651561745 2.00572180268819 -1190
310 11152.9267622466 11157.3863142421 0.263377034776111 2.00853488264439 -1200
320 9196.76679725353 9188.25196831305 0.261799387799149 2.00572299383596 -1180
330 18929.0607674577 18926.3866452941 0.264954651561745 2.00572180268819 -1190
340 10972.6923620298 10971.1802865611 0.263377034776111 2.00853488264439 -1200
350 9298.38853285694 9299.03699368934 0.261799387799149 2.00572299383596 -1180
360 18661.9076096461 18666.8437005676 0.264954651561745 2.00572180268819 -1190
370 10778.1772553367 10781.5492511666 0.263377034776111 2.00853488264439 -1200
380 9406.44301849684 9401.29383629662 0.261799387799149 2.00572299383596 -1180
390 18390.1633647254 18391.5985681402 0.264954651561745 2.00572180268819 -1190
400 10611.98447165 10606.5594010605 0.263377034776111 2.00853488264439 -1200
410 9536.99455838282 9524.71470803649 0.261799387799149 2.00572299383596 -1180
420 18136.3436228785 18130.5746428322 0.264954651561745 2.00572180268819 -1190
430 10437.4878751026 10444.7285978973 0.263377034776111 2.00853488264439 -1200
440 9655.11684407994 9658.56599775791 0.261799387799149 2.00572299383596 -1180
450 17871.4519708246 17861.47317311 0.264954651561745 2.00572180268819 -1190
460 10278.3904714466 10279.8672951305 0.263377034776111 2.00853488264439 -1200
470 9800.36653374841 9792.9592991554 0.261799387799149 2.00572299383596 -1180
480 17605.7676347144 17615.4278108645 0.264954651561745 2.00572180268819 -1190
490 10119.3107014736 10114.9736303454 0.263377034776111 2.00853488264439 -1200
500 9937.32718281473 9938.93975590635 0.261799387799149 2.00572299383596 -1180
510 17349.8464436367 17343.6712081115 0.264954651561745 2.00572180268819 -1190
520 9969.64121788538 9959.50432162299 0.263377034776111 2.00853488264439 -1200
530 10088.8244832269 10091.2157354815 0.261799387799149 2.00572299383596 -1180
540 17089.5747584067 17082.5501955272 0.264954651561745 2.00572180268819 -1190
550 9819.2320005427 9824.10431629198 0.263377034776111 2.00853488264439 -1200
560 10240.3803640142 10247.2225704185 0.261799387799149 2.00572299383596 -1180
570 16835.3390664978 16823.3080677761 0.264954651561745 2.00572180268819 -1190
580 9688.49368472105 9674.91462581367 0.263377034776111 2.00853488264439 -1200
590 10405.2638685698 10415.0960017669 0.261799387799149 2.00572299383596 -1180
600 16575.6346724188 16578.8248445477 0.264954651561745 2.00572180268819 -1190
610 9554.95193448092 9560.79498521647 0.263377034776111 2.00853488264439 -1200
620 10575.2905947102 10572.7093604938 0.261799387799149 2.00572299383596 -1180
630 16312.7493420783 16313.5342614623 0.264954651561745 2.00572180268819 -1190
640 9433.0864245555 9428.13763649306 0.263377034776111 2.00853488264439 -1200
650 10746.8940024192 10758.1859012576 0.261799387799149 2.00572299383596 -1180
660 16062.2469771875 16066.4064223606 0.264954651561745 2.00572180268819 -1190
670 9310.85080030318 9325.17218120479 0.263377034776111 2.00853488264439 -1200
680 10922.3144105032 10935.7258264228 0.261799387799149 2.00572299383596 -1180
690 15809.7614739038 15808.8395985792 0.264954651561745 2.00572180268819 -1190
700 9211.03614576195 9208.08040002687 0.263377034776111 2.00853488264439 -1200
710 11116.6098309359 11129.4656553623 0.261799387799149 2.00572299383596 -1180
720 15562.127465474 15560.8490588252 0.264954651561745 2.00572180268819 -1190
730 9117.92903249818 9113.72542475991 0.263377034776111 2.00853488264439 -1200
740 11306.9767185288 11314.7927256814 0.261799387799149 2.00572299383596 -1180
750 15308.1934698335 15306.5669625051 0.264954651561745 2.00572180268819 -1190
760 9019.29516639674 9017.35542118594 0.263377034776111 2.00853488264439 -1200
770 11504.9233897848 11510.1412723784 0.261799387799149 2.00572299383596 -1180
780 15073.2722141684 15072.550418075 0.264954651561745 2.00572180268819 -1190
790 8942.8161714914 8938.51506717704 0.263377034776111 2.00853488264439 -1200
800 11699.7457320251 11708.098313591 0.261799387799149 2.00572299383596 -1180
810 14820.2194055239 14821.7479556024 0.264954651561745 2.00572180268819 -1190
820 8878.69279020354 8870.00011917702 0.263377034776111 2.00853488264439 -1200
830 11903.7760446035 11906.7452424564 0.261799387799149 2.00572299383596 -1180
840 14578.5641774097 14579.964538054 0.264954651561745 2.00572180268819 -1190
850 8809.75368002714 8814.94127723675 0.263377034776111 2.00853488264439 -1200
860 12115.7043958939 12115.7751095127 0.261799387799149 2.00572299383596 -1180
870 14348.1432756425 14340.9422437533 0.264954651561745 2.00572180268819 -1190
880 8757.93405614285 8766.24931457699 0.263377034776111 2.00853488264439 -1200
890 12330.5076638341 12337.5197891001 0.261799387799149 2.00572299383596 -1180
900 14100.9004754246 14098.9125758391 0.264954651561745 2.00572180268819 -1190
910 8732.0677986226 8718.95970612068 0.263377034776111 2.00853488264439 -1200
920 12554.613693247 12542.1425798842 0.261799387799149 2.00572299383596 -1180
930 13869.3931658143 13866.8732523536 0.264954651561745 2.00572180268819 -1190
940 8696.77272707622 8691.92895030023 0.263377034776111 2.00853488264439 -1200
950 12765.4769871716 12762.7079335645 0.261799387799149 2.00572299383596 -1180
960 13641.8766499188 13644.2765887399 0.264954651561745 2.00572180268819 -1190
970 8683.92715165964 8679.15536561298 0.263377034776111 2.00853488264439 -1200
980 12985.9171877507 12982.3466543686 0.261799387799149 2.00572299383596 -1180
990 13406.6170932308 13399.9324962002 0.264954651561745 2.00572180268819 -1190
1000 8662.66215018129 8662.12456806721 0.263377034776111 2.00853488264439 -1200
1010 13197.5407443599 13210.3632892297 0.261799387799149 2.00572299383596 -1180
1020 13176.9345694471 13176.9423555728 0.264954651561745 2.00572180268819 -1190
1030 8666.44773908148 8666.41592480774 0.263377034776111 2.00853488264439 -1200
1040 13437.5741303858 13434.5566621973 0.261799387799149 2.00572299383596 -1180
1050 12946.0989849094 12961.809625482 0.264954651561745 2.00572180268819 -1190
1060 8676.06494755682 8678.06717271688 0.263377034776111 2.00853488264439 -1200
1070 13676.5166070052 13669.2561784806 0.261799387799149 2.00572299383596 -1180
1080 12726.514111792 12727.9724908172 0.264954651561745 2.00572180268819 -1190
1090 8692.43804011724 8697.0486172634 0.263377034776111 2.00853488264439 -1200
1100 13907.3682560751 13905.2620945154 0.261799387799149 2.00572299383596 -1180
1110 12520.1301686413 12515.0659942423 0.264954651561745 2.00572180268819 -1190
1120 8732.37152616981 8730.45101794911 0.263377034776111 2.00853488264439 -1200
1130 14135.8899990576 14137.167674876 0.261799387799149 2.00572299383596 -1180
1140 12298.2581723424 12295.8838629597 0.264954651561745 2.00572180268819 -1190
1150 8770.66717293226 8771.09486394176 0.263377034776111 2.00853488264439 -1200
1160 14381.7932499588 14372.8509810733 0.261799387799149 2.00572299383596 -1180
1170 12090.4605636364 12085.4549363937 0.264954651561745 2.00572180268819 -1190
1180 8826.5230087078 8831.63752478728 0.263377034776111 2.00853488264439 -1200
1190 14616.9134927856 14615.0245317889 0.261799387799149 2.00572299383596 -1180
1200 11886.6564073048 11876.3119972399 0.264954651561745 2.00572180268819 -1190
1210 8892.19350880558 8887.09793986081 0.263377034776111 2.00853488264439 -1200
1220 14861.5207394956 14864.2469668383 0.261799387799149 2.00572299383596 -1180
1230 11679.5871617031 11672.8161482964 0.264954651561745 2.00572180268819 -1190
1240 8950.05763362042 8959.6532423417 0.263377034776111 2.00853488264439 -1200
1250 15109.9454510245 15111.4144254493 0.261799387799149 2.00572299383596 -1180
1260 11489.5824516919 11472.0833704664 0.264954651561745 2.00572180268819 -1190
1270 9048.42333324372 9045.75295607259 0.263377034776111 2.00853488264439 -1200
1280 15347.9215715839 15348.2659140791 0.261799387799149 2.00572299383596 -1180
1290 11287.9303999255 11270.9664542436 0.264954651561745 2.00572180268819 -1190
1300 9118.76720583395 9130.084570665 0.263377034776111 2.00853488264439 -1200
1310 15608.5576939236 15599.4899596814 0.261799387799149 2.00572299383596 -1180
1320 11103.4833412779 11084.1389496933 0.264954651561745 2.00572180268819 -1190
1330 9218.08430251261 9232.64991917493 0.263377034776111 2.00853488264439 -1200
1340 15855.4453296843 15851.4935856899 0.261799387799149 2.00572299383596 -1180
1350 10900.3870780887 10909.3757206917 0.264954651561745 2.00572180268819 -1190
1360 9334.82587807048 9335.85272891427 0.263377034776111 2.00853488264439 -1200
1370 16102.9520586924 16103.2537764142 0.261799387799149 2.00572299383596 -1180
1380 10725.3235054364 10733.5793406918 0.264954651561745 2.00572180268819 -1190
1390 9449.24417894656 9453.11523121124 0.263377034776111 2.00853488264439 -1200
1400 16354.4552448464 16357.4910694944 0.261799387799149 2.00572299383596 -1180
1410 10562.2739077507 10562.2921306505 0.264954651561745 2.00572180268819 -1190
1420 9574.39269396803 9575.37280501979 0.263377034776111 2.00853488264439 -1200
1430 16615.4008275394 16611.5733218615 0.261799387799149 2.00572299383596 -1180
1440 10392.7279680796 10388.5796905444 0.264954651561745 2.00572180268819 -1190
1450 9706.8122133884 9710.220137866 0.263377034776111 2.00853488264439 -1200
1460 16863.4910299399 16863.7605260233 0.261799387799149 2.00572299383596 -1180
1470 10223.6227496337 10217.6831909534 0.264954651561745 2.00572180268819 -1190
1480 9847.14176001795 9855.27717027532 0.263377034776111 2.00853488264439 -1200
1490 17124.5268187456 17118.5994780849 0.261799387799149 2.00572299383596 -1180
1500 10074.3656890766 10074.7163109028 0.264954651561745 2.00572180268819 -1190
1510 9990.53824282399 10000.0247856405 0.263377034776111 2.00853488264439 -1200
1520 17378.6571608649 17393.3069042367 0.261799387799149 2.00572299383596 -1180
1530 9922.76432267774 9915.70153594649 0.264954651561745 2.00572180268819 -1190
1540 10140.0655244475 10146.3425542709 0.263377034776111 2.00853488264439 -1200
1550 17647.9823698806 17650.5906379699 0.261799387799149 2.00572299383596 -1180
1560 9772.93467814814 9779.48295511817 0.264954651561745 2.00572180268819 -1190
1570 10299.7707667494 10299.1537128046 0.263377034776111 2.00853488264439 -1200
1580 17899.7832254202 17912.4095774729 0.261799387799149 2.00572299383596 -1180
1590 9641.19998639552 9643.31047411616 0.264954651561745 2.00572180268819 -1190
1600 10469.7963978403 10479.6083069322 0.263377034776111 2.00853488264439 -1200
1610 18178.2376235919 18171.5082365046 0.261799387799149 2.00572299383596 -1180
1620 9515.94279034598 9509.33153484763 0.264954651561745 2.00572180268819 -1190
1630 10634.3576786861 10636.3231855265 0.263377034776111 2.00853488264439 -1200
1640 18431.0849670726 18425.9511216167 0.261799387799149 2.00572299383596 -1180
1650 9404.81940358098 9397.47576586715 0.264954651561745 2.00572180268819 -1190
1660 10815.0216358686 10814.6410170933 0.263377034776111 2.00853488264439 -1200
1670 18703.9581804171 18700.6274891419 0.261799387799149 2.00572299383596 -1180
1680 9286.44855568067 9289.12676892825 0.264954651561745 2.00572180268819 -1190
1690 11002.923049833 10997.8969378358 0.263377034776111 2.00853488264439 -1200
1700 18971.631547738 18969.7358524159 0.261799387799149 2.00572299383596 -1180
1710 9184.11949327081 9177.99322606019 0.264954651561745 2.00572180268819 -1190
1720 11178.9136808316 11181.9872660411 0.263377034776111 2.00853488264439 -1200
1730 19232.1411488311 19227.3324292867 0.261799387799149 2.00572299383596 -1180
1740 9075.16602160468 9085.23822370928 0.264954651561745 2.00572180268819 -1190
1750 11377.9607099745 11371.2689838107 0.263377034776111 2.00853488264439 -1200
1760 19506.6963820855 19502.0422682923 0.261799387799149 2.00572299383596 -1180
1770 9002.81459383857 8996.76924001671 0.264954651561745 2.00572180268819 -1190
1780 11575.155036246 11565.7971529307 0.263377034776111 2.00853488264439 -1200
1790 19778.6054747803 19772.9481023518 0.261799387799149 2.00572299383596 -1180
1800 8926.59776063021 8919.23474528573 0.264954651561745 2.00572180268819 -1190
1810 11777.4662592354 11768.2077316257 0.263377034776111 2.00853488264439 -1200
1820 20042.0056400298 20058.7121080134 0.261799387799149 2.00572299383596 -1180
1830 8862.54387416188 8854.76561946036 0.264954651561745 2.00572180268819 -1190
1840 11975.3633944069 11978.2270794431 0.263377034776111 2.00853488264439 -1200
1850 20312.5086615628 20315.2318716294 0.261799387799149 2.00572299383596 -1180
1860 8803.65831815764 8794.11142718728 0.264954651561745 2.00572180268819 -1190
1870 12194.5667812454 12192.9908416648 0.263377034776111 2.00853488264439 -1200
1880 20582.9179839929 20591.7017143226 0.261799387799149 2.00572299383596 -1180
1890 8754.57129780864 8758.75543634562 0.264954651561745 2.00572180268819 -1190
1900 12403.0021181733 12400.5837421988 0.263377034776111 2.00853488264439 -1200
1910 20859.2702677881 20858.0119209661 0.261799387799149 2.00572299383596 -1180
1920 8725.77350058969 8711.43690375466 0.264954651561745 2.00572180268819 -1190
1930 12612.7154090337 12619.958530017 0.263377034776111 2.00853488264439 -1200
1940 21137.8435012341 21133.9322770926 0.261799387799149 2.00572299383596 -1180
1950 8689.60285202848 8678.73514692757 0.264954651561745 2.00572180268819 -1190
1960 12842.8774953037 12839.1756860498 0.263377034776111 2.00853488264439 -1200
1970 21404.0550370768 21403.736918118 0.261799387799149 2.00572299383596 -1180
1980 8671.95526544257 8674.15982439696 0.264954651561745 2.00572180268819 -1190
1990 13059.646623812 13062.2462907578 0.263377034776111 2.00853488264439 -1200
2000 21682.1658352234 21677.9092977039 0.261799387799149 2.00572299383596 -1180
2010 8659.3427468538 8672.85164586187 0.264954651561745 2.00572180268819 -1190
2020 13286.1694761976 13284.9050017835 0.263377034776111 2.00853488264439 -1200
2030 21953.1319706774 21961.092004592 0.261799387799149 2.00572299383596 -1180
2040 8663.00411876041 8670.24238007827 0.264954651561745 2.00572180268819 -1190
2050 13519.9733288818 13520.6362779622 0.263377034776111 2.00853488264439 -1200
2060 22228.4555193417 22228.4262208958 0.261799387799149 2.00572299383596 -1180
2070 8682.78419506131 8678.39658919276 0.264954651561745 2.00572180268819 -1190
2080 13735.6115393935 13742.7179654911 0.263377034776111 2.00853488264439 -1200
2090 22514.5457112694 22497.8074092247 0.261799387799149 2.00572299383596 -1180
2100 8713.69310893329 8708.45136423137 0.264954651561745 2.00572180268819 -1190
2110 13973.0251682115 13989.782400919 0.263377034776111 2.00853488264439 -1200
2120 22782.6329413488 22783.6771617583 0.261799387799149 2.00572299383596 -1180
2130 8741.96402253136 8747.15235687481 0.264954651561745 2.00572180268819 -1190
2140 14223.0519091578 14217.5934013695 0.263377034776111 2.00853488264439 -1200
2150 23065.2934969749 23072.7549945404 0.261799387799149 2.00572299383596 -1180
2160 8790.90612001401 8789.34211435161 0.264954651561745 2.00572180268819 -1190
2170 14456.1320871524 14456.7245306877 0.263377034776111 2.00853488264439 -1200
2180 23353.267746283 23349.1644499565 0.261799387799149 2.00572299383596 -1180
2190 8847.87077955837 8853.29554099564 0.264954651561745 2.00572180268819 -1190
2200 14705.8346610796 14702.6200514826 0.263377034776111 2.00853488264439 -1200
2210 23628.6862183367 23618.9820812731 0.261799387799149 2.00572299383596 -1180
2220 8911.24762940863 8908.09380021907 0.264954651561745 2.00572180268819 -1190
2230 14936.9089987033 14947.5087881349 0.263377034776111 2.00853488264439 -1200
2240 23898.3375374741 23898.8112673861 0.261799387799149 2.00572299383596 -1180
2250 8984.43174806777 8982.30613344631 0.264954651561745 2.00572180268819 -1190
2260 15192.3523367527 15187.7412425083 0.263377034776111 2.00853488264439 -1200
2270 24179.5763430658 24170.743961093 0.261799387799149 2.00572299383596 -1180
2280 9069.7899220676 9072.59401171214 0.264954651561745 2.00572180268819 -1190
2290 15431.9335689669 15431.6827247393 0.263377034776111 2.00853488264439 -1200
2300 24465.0443746282 24459.8876666805 0.261799387799149 2.00572299383596 -1180
2310 9161.80692129586 9164.76188991958 0.264954651561745 2.00572180268819 -1190
2320 15685.3089895931 15682.6387134148 0.263377034776111 2.00853488264439 -1200
2330 24742.3454102108 24736.8289934767 0.261799387799149 2.00572299383596 -1180
2340 9262.05035291887 9266.85541706862 0.264954651561745 2.00572180268819 -1190
2350 15939.4895923259 15939.9958148474 0.263377034776111 2.00853488264439 -1200
2360 25014.3174439416 25022.8937327581 0.261799387799149 2.00572299383596 -1180
2370 9377.81199270892 9370.51199789973 0.264954651561745 2.00572180268819 -1190
2380 16179.1856404777 16186.1738081582 0.263377034776111 2.00853488264439 -1200
2390 25302.7800907433 25305.0234713144 0.261799387799149 2.00572299383596 -1180
2400 9492.22715727578 9494.99442889965 0.264954651561745 2.00572180268819 -1190
2410 16446.6263222944 16442.7749441262 0.263377034776111 2.00853488264439 -1200
2420 25595.1839021187 25590.3662849632 0.261799387799149 2.00572299383596 -1180
2430 9620.61541760793 9623.88297755359 0.264954651561745 2.00572180268819 -1190
2440 16702.9099269323 16699.7094550169 0.263377034776111 2.00853488264439 -1200
2450 25863.3515666684 25867.5409609421 0.261799387799149 2.00572299383596 -1180
2460 9746.69689324491 9751.58903992745 0.264954651561745 2.00572180268819 -1190
2470 16964.9438442089 16957.0551804511 0.263377034776111 2.00853488264439 -1200
2480 26151.5492559174 26151.367319117 0.261799387799149 2.00572299383596 -1180
2490 9902.9752545252 9894.71003815558 0.264954651561745 2.00572180268819 -1190
2500 17220.3390728563 17214.8749272071 0.263377034776111 2.00853488264439 -1200
2510 26436.4628782319 26434.893416956 0.261799387799149 2.00572299383596 -1180
2520 10039.3537887955 10043.0492473868 0.264954651561745 2.00572180268819 -1190
2530 17473.4983444074 17476.9682853722 0.263377034776111 2.00853488264439 -1200
2540 26711.7592105639 26714.0883153015 0.261799387799149 2.00572299383596 -1180
2550 10195.7086136692 10187.5584684368 0.264954651561745 2.00572180268819 -1190
2560 17737.8797516578 17738.3818454272 0.263377034776111 2.00853488264439 -1200
2570 26996.9885544186 26991.3303964338 0.261799387799149 2.00572299383596 -1180
2580 10364.0862727381 10360.6547762376 0.264954651561745 2.00572180268819 -1190
2590 18001.8110284061 17995.9021684939 0.263377034776111 2.00853488264439 -1200
2600 27292.1471736747 27284.5301188576 0.261799387799149 2.00572299383596 -1180
2610 10519.3063253867 10525.3372043654 0.264954651561745 2.00572180268819 -1190
2620 18257.6424750381 18262.8448068025 0.263377034776111 2.00853488264439 -1200
2630 27561.3740708869 27569.3358035986 0.261799387799149 2.00572299383596 -1180
2640 10705.002155637 10703.1077960912 0.264954651561745 2.00572180268819 -1190
2650 18524.7524738912 18529.994786148 0.263377034776111 2.00853488264439 -1200
2660 27846.9795728621 27850.3599433079 0.261799387799149 2.00572299383596 -1180
2670 10877.5882204533 10881.8160210961 0.264954651561745 2.00572180268819 -1190
2680 18794.455339862 18790.8397477628 0.263377034776111 2.00853488264439 -1200
2690 28136.5884560297 28140.5117540066 0.261799387799149 2.00572299383596 -1180
2700 11065.2064872268 11061.4434525897 0.264954651561745 2.00572180268819 -1190
2710 19057.0664452632 19064.8572019425 0.263377034776111 2.00853488264439 -1200
2720 28422.7250304549 28423.1378664352 0.261799387799149 2.00572299383596 -1180
2730 11248.1721695566 11255.7254897875 0.264954651561745 2.00572180268819 -1190
2740 19331.5931521978 19321.5915861295 0.263377034776111 2.00853488264439 -1200
2750 28719.0866280569 28710.7366802299 0.261799387799149 2.00572299383596 -1180
2760 11439.1909936579 11444.7850161241 0.264954651561745 2.00572180268819 -1190
2770 19600.204865052 19602.9997752886 0.263377034776111 2.00853488264439 -1200
2780 29005.3960783354 28996.7735712764 0.261799387799149 2.00572299383596 -1180
2790 11641.2720613648 11638.8057991859 0.264954651561745 2.00572180268819 -1190
2800 19875.6916845993 19860.7601353186 0.263377034776111 2.00853488264439 -1200
2810 29283.0736958008 29281.4761909995 0.261799387799149 2.00572299383596 -1180
2820 11849.1685267667 11856.7624057195 0.264954651561745 2.00572180268819 -1190
2830 20136.6245311991 20140.8113827202 0.263377034776111 2.00853488264439 -1200
2840 29563.3171025612 29570.4651804609 0.261799387799149 2.00572299383596 -1180
2850 12060.911699863 12050.1269186109 0.264954651561745 2.00572180268819 -1190
2860 20406.5951143039 20395.1681145698 0.263377034776111 2.00853488264439 -1200
2870 29868.7892825975 29866.8796410842 0.261799387799149 2.00572299383596 -1180
2880 12269.0301543721 12260.3496485257 0.264954651561745 2.00572180268819 -1190
2890 20678.9254457783 20682.5646285696 0.263377034776111 2.00853488264439 -1200
2900 30146.0364450962 30147.640169128 0.261799387799149 2.00572299383596 -1180
2910 12477.4408124792 12477.693929264 0.264954651561745 2.00572180268819 -1190
2920 20954.2251548136 20944.7356163977 0.263377034776111 2.00853488264439 -1200
2930 30436.4281845325 30434.1216501367 0.261799387799149 2.00572299383596 -1180
2940 12696.7701506961 12699.8815533401 0.264954651561745 2.00572180268819 -1190
2950 21226.5990356008 21227.9912074777 0.263377034776111 2.00853488264439 -1200
2960 30720.7128991093 30719.3620246296 0.261799387799149 2.00572299383596 -1180
2970 12918.9293028704 12916.4209819208 0.264954651561745 2.00572180268819 -1190
2980 21504.2991322729 21505.7811722922 0.263377034776111 2.00853488264439 -1200
2990 31008.4051131732 31008.6090135238 0.261799387799149 2.00572299383596 -1180
3000 13136.4274486528 13154.3536078538 0.264954651561745 2.00572180268819 -1190
3010 21762.6813022847 21772.2566543328 0.263377034776111 2.00853488264439 -1200
3020 31297.7086021038 31291.1142991989 0.261799387799149 2.00572299383596 -1180
3030 13359.9628046612 13366.3195181994 0.264954651561745 2.00572180268819 -1190
3040 22044.4360080052 22052.1095971908 0.263377034776111 2.00853488264439 -1200
3050 31579.8645159548 31586.8405987621 0.261799387799149 2.00572299383596 -1180
3060 13602.5401282546 13595.0896837836 0.264954651561745 2.00572180268819 -1190
3070 22325.944709968 22332.0661141898 0.263377034776111 2.00853488264439 -1200
3080 31881.9527201294 31880.9544553098 0.261799387799149 2.00572299383596 -1180
3090 13822.1919882968 13831.6654631466 0.264954651561745 2.00572180268819 -1190
3100 22604.6498168917 22595.7884550961 0.263377034776111 2.00853488264439 -1200
3110 32162.680650281 32161.8872439669 0.261799387799149 2.00572299383596 -1180
3120 14055.1395884251 14059.1211064481 0.264954651561745 2.00572180268819 -1190
3130 22882.7901270574 22874.7879787491 0.263377034776111 2.00853488264439 -1200
3140 32454.2269664528 32461.2371819248 0.261799387799149 2.00572299383596 -1180
3150 14300.4582394179 14302.5021600216 0.264954651561745 2.00572180268819 -1190
3160 23157.6451946355 23148.8660703261 0.263377034776111 2.00853488264439 -1200
3170 32739.5314457135 32744.1551871338 0.261799387799149 2.00572299383596 -1180
3180 14532.0878578907 14539.3329501762 0.264954651561745 2.00572180268819 -1190
3190 23431.7221117246 23429.9079809088 0.263377034776111 2.00853488264439 -1200
3200 33022.0359496562 33037.4565018669 0.261799387799149 2.00572299383596 -1180
3210 14784.0361702822 14784.1905558631 0.264954651561745 2.00572180268819 -1190
3220 23717.5447869491 23717.8099302233 0.263377034776111 2.00853488264439 -1200
3230 33322.6732385713 33327.3358863675 0.261799387799149 2.00572299383596 -1180
3240 15022.836708409 15034.657513253 0.264954651561745 2.00572180268819 -1190
3250 23996.3749465004 23993.2332492839 0.263377034776111 2.00853488264439 -1200
3260 33611.9320036116 33602.8490202715 0.261799387799149 2.00572299383596 -1180
3270 15269.3171115556 15281.6891418612 0.264954651561745 2.00572180268819 -1190
3280 24280.5258997209 24273.2057257535 0.263377034776111 2.00853488264439 -1200
3290 33891.720351242 33903.9956292221 0.261799387799149 2.00572299383596 -1180
3300 15523.7847078816 15516.9136713751 0.264954651561745 2.00572180268819 -1190
3310 24557.9829885283 24556.7987314873 0.263377034776111 2.00853488264439 -1200
3320 34190.7658416718 34191.1738447942 0.261799387799149 2.00572299383596 -1180
3330 15778.6937913732 15767.6423581088 0.264954651561745 2.00572180268819 -1190
3340 24833.1144170885 24837.3837940243 0.263377034776111 2.00853488264439 -1200
3350 34483.7615902951 34473.3442780164 0.261799387799149 2.00572299383596 -1180
3360 16016.0970512734 16013.8757967437 0.264954651561745 2.00572180268819 -1190
3370 25111.0566705434 25122.7229319187 0.263377034776111 2.00853488264439 -1200
3380 34771.1189015484 34760.8547071642 0.261799387799149 2.00572299383596 -1180
3390 16276.7554245675 16272.5615626488 0.264954651561745 2.00572180268819 -1190
3400 25399.1427736474 25401.402994559 0.263377034776111 2.00853488264439 -1200
3410 35061.369435985 35061.9221686569 0.261799387799149 2.00572299383596 -1180
3420 16522.7576935963 16529.7081497629 0.264954651561745 2.00572180268819 -1190
3430 25678.643555318 25679.7483376167 0.263377034776111 2.00853488264439 -1200
3440 35352.1453564933 35350.6189520015 0.261799387799149 2.00572299383596 -1180
3450 16781.5350589107 16787.2064095196 0.264954651561745 2.00572180268819 -1190
3460 25962.5016344445 25958.2311151352 0.263377034776111 2.00853488264439 -1200
3470 35637.6645535279 35645.4595404873 0.261799387799149 2.00572299383596 -1180
3480 17047.8109600106 17047.1590808126 0.264954651561745 2.00572180268819 -1190
3490 26241.9352859138 26243.9390206751 0.263377034776111 2.00853488264439 -1200
3500 35936.1837017689 35931.9637075402 0.261799387799149 2.00572299383596 -1180
3510 17305.4427205972 17312.4453270051 0.264954651561745 2.00572180268819 -1190
3520 26526.5123417699 26523.2503111492 0.263377034776111 2.00853488264439 -1200
3530 36222.7194134727 36220.5850148365 0.261799387799149 2.00572299383596 -1180
3540 17555.549158385 17565.4658910262 0.264954651561745 2.00572180268819 -1190
3550 26818.431325035 26818.334256121 0.263377034776111 2.00853488264439 -1200
3560 36512.3016934159 36506.4886695375 0.261799387799149 2.00572299383596 -1180
3570 17821.5363870787 17821.6674046501 0.264954651561745 2.00572180268819 -1190
3580 27099.9767472025 27093.9249418588 0.263377034776111 2.00853488264439 -1200
3590 36812.5003452666 36813.345527191 0.261799387799149 2.00572299383596 -1180
3600 18086.5780008965 18086.1761902542 0.264954651561745 2.00572180268819 -1190
