3.839 1539.49
7.341 1539.25
11.262 1539.00
14.091 1538.98
18.690 1539.03
22.428 1539.08
26.023 1539.13
29.825 1539.13
33.649 1539.15
37.283 1539.17
40.944 1539.01
44.680 1537.96
48.363 1536.33
52.042 1534.82
55.780 1533.82
59.642 1531.08
63.536 1529.00
67.221 1528.53
70.779 1526.91
74.327 1525.46
78.207 1525.00
82.106 1524.50
85.760 1523.21
89.422 1522.10
93.222 1521.28
96.892 1520.61
100.541 1520.02
104.482 1519.46
108.213 1518.71
111.920 1517.59
115.702 1516.85
119.353 1516.26
122.954 1515.61
126.669 1514.67
130.426 1514.54
134.268 1513.77
138.050 1512.59
141.762 1511.78
145.611 1511.28
149.165 1510.83
152.731 1510.31
156.360 1510.08
160.225 1509.84
164.019 1509.61
167.840 1509.21
171.529 1508.73
175.209 1508.25
179.019 1507.76
182.639 1507.12
186.331 1506.83
189.934 1506.40
193.690 1506.08
197.685 1505.60
201.426 1505.11
205.066 1504.82
208.807 1504.44
212.578 1503.93
216.398 1503.27
220.075 1502.68
224.144 1502.69
227.565 1502.65
230.358 1502.55
234.805 1502.38
238.568 1502.11
242.426 1501.52
246.103 1500.98
249.862 1500.67
253.643 1500.42
257.363 1499.96
260.922 1499.71
264.533 1499.60
268.199 1499.58
272.075 1499.45
275.805 1499.11
279.525 1498.85
283.133 1498.65
286.920 1498.38
290.593 1498.08
294.395 1497.49
298.292 1496.95
301.939 1496.69
305.640 1496.63
309.263 1496.51
313.100 1495.78
316.891 1495.54
320.550 1495.45
324.216 1495.29
327.977 1495.18
331.794 1494.97
335.435 1494.87
339.017 1494.43
342.755 1493.89
346.743 1493.70
350.725 1493.23
354.361 1493.05
357.874 1492.82
361.503 1492.61
365.287 1492.45
369.126 1492.14
372.778 1492.08
376.597 1491.90
380.454 1491.76
384.102 1491.59
387.855 1491.42
391.366 1490.91
395.079 1490.78
399.009 1490.69
402.784 1490.53
406.449 1490.34
410.139 1490.12
413.763 1489.91
417.625 1489.64
421.319 1489.46
424.965 1489.38
428.498 1489.32
431.642 1489.32
436.025 1489.33
439.790 1488.92
443.561 1488.79
447.355 1488.59
451.231 1488.50
455.059 1488.32
458.769 1488.21
462.355 1488.18
465.844 1488.16
469.669 1488.13
473.568 1488.10
477.548 1488.10
481.176 1488.03
484.700 1487.83
488.437 1487.52
492.308 1487.44
496.062 1487.42
499.660 1487.35
503.406 1487.31
507.218 1487.10
510.642 1486.97
514.311 1486.89
518.070 1486.83
521.794 1486.79
525.369 1486.75
529.242 1486.37
532.873 1486.14
536.738 1486.00
540.623 1485.89
544.513 1485.81
547.957 1485.74
551.650 1485.52
555.478 1485.44
559.247 1485.44
563.076 1485.40
566.691 1485.37
570.375 1485.16
574.112 1485.14
577.727 1484.99
581.367 1484.88
585.120 1484.79
589.099 1484.65
592.793 1484.57
596.559 1484.54
600.143 1484.51
603.895 1484.50
607.994 1484.39
611.331 1484.32
614.890 1484.22
619.007 1484.20
622.553 1484.05
626.078 1483.97
630.192 1483.86
633.749 1483.79
637.453 1483.71
641.300 1483.64
644.962 1483.61
648.614 1483.56
652.435 1483.51
656.347 1483.47
659.562 1483.42
663.607 1483.38
667.423 1483.32
670.952 1483.27
674.788 1483.20
678.656 1483.10
682.115 1482.99
685.834 1482.87
689.416 1482.75
693.720 1482.65
697.164 1482.60
700.631 1482.45
704.630 1482.38
708.037 1482.40
712.094 1482.30
715.946 1482.24
719.421 1482.23
723.053 1482.17
726.831 1482.13
730.554 1482.14
734.551 1482.15
738.391 1482.09
741.627 1482.06
745.487 1482.03
749.310 1481.89
753.243 1481.75
757.045 1481.77
760.342 1481.71
764.127 1481.69
768.216 1481.73
771.815 1481.69
775.285 1481.69
778.980 1481.72
782.728 1481.71
786.655 1481.67
790.383 1481.62
793.959 1481.59
797.600 1481.61
801.581 1481.62
805.263 1481.63
808.918 1481.67
812.845 1481.65
816.322 1481.67
820.148 1481.64
823.849 1481.54
827.403 1481.52
831.235 1481.42
834.980 1481.39
838.660 1481.33
842.579 1481.26
846.200 1481.20
849.913 1481.24
853.595 1481.28
857.262 1481.32
861.477 1481.31
864.971 1481.22
868.296 1481.19
872.575 1481.14
876.027 1480.96
879.605 1480.91
883.668 1480.92
887.304 1480.81
891.019 1480.74
894.582 1480.74
898.459 1480.74
902.085 1480.67
905.965 1480.63
909.515 1480.59
913.262 1480.58
917.105 1480.55
920.818 1480.53
924.511 1480.44
928.140 1480.38
932.172 1480.34
935.687 1480.29
939.000 1480.24
943.185 1480.23
946.965 1480.22
950.545 1480.21
954.517 1480.23
957.997 1480.23
961.569 1480.19
965.589 1480.09
969.416 1480.03
972.917 1480.01
976.753 1479.99
980.374 1479.95
984.232 1479.96
987.968 1479.96
991.603 1479.97
995.463 1479.95
999.076 1479.94
1002.734 1479.87
1006.689 1479.84
1010.231 1479.81
1013.985 1479.76
1017.701 1479.79
1021.366 1479.76
1025.270 1479.76
1028.871 1479.77
1032.622 1479.78
1036.311 1479.78
1039.953 1479.68
1043.902 1479.63
1047.692 1479.61
1051.152 1479.61
1054.860 1479.58
1058.826 1479.56
1062.338 1479.53
1066.094 1479.56
1069.852 1479.59
1073.783 1479.57
1077.355 1479.58
1081.036 1479.56
1084.824 1479.48
1088.626 1479.40
1092.228 1479.33
1096.035 1479.35
1099.674 1479.31
1103.367 1479.23
1107.302 1479.20
1110.968 1479.12
1114.518 1479.01
1118.546 1478.99
1122.023 1478.98
1125.855 1478.92
1129.694 1478.90
1133.199 1478.90
1137.101 1478.89
1140.899 1478.86
1144.369 1478.81
1148.166 1478.86
1151.709 1478.90
1155.648 1478.96
1159.411 1479.00
1163.162 1478.95
1166.856 1478.90
1170.477 1478.93
1174.323 1478.95
1177.999 1478.95
1181.972 1478.94
1185.590 1478.94
1189.391 1478.95
1193.079 1478.92
1196.665 1478.89
1200.214 1478.88
1204.156 1478.92
1207.852 1478.93
1211.605 1478.92
1215.207 1478.93
1219.050 1478.95
1222.787 1478.95
1226.709 1478.97
1230.378 1479.01
1233.758 1479.01
1237.640 1479.02
1241.416 1479.03
1245.255 1479.03
1248.841 1478.98
1252.267 1478.99
1256.047 1479.03
1260.028 1479.03
1263.778 1479.08
1267.355 1479.10
1271.240 1479.10
1274.953 1479.15
1278.692 1479.16
1282.401 1479.17
1286.082 1479.18
1289.827 1479.16
1293.525 1479.70
1297.041 1481.08
1300.896 1481.16
1304.977 1481.83
1308.444 1482.42
1312.050 1482.87
1316.001 1483.00
1319.652 1483.02
1323.574 1483.05
1327.299 1483.09
1330.982 1483.35
1334.005 1483.31
1338.431 1483.62
1342.147 1483.62
1345.428 1483.65
1349.281 1483.67
1353.319 1483.71
1357.231 1483.76
1360.589 1483.77
1364.094 1483.77
1367.823 1483.78
1371.552 1483.96
1375.505 1484.07
1379.286 1484.15
1382.947 1484.20
1386.752 1484.25
1390.542 1484.31
1394.242 1484.57
1397.908 1484.76
1401.662 1484.79
1405.375 1484.83
1409.099 1485.05
1412.899 1485.30
1416.744 1485.38
1420.534 1485.46
1424.069 1485.50
1427.932 1485.54
1431.672 1485.60
1435.301 1485.63
1439.017 1485.74
1442.801 1485.90
1446.579 1486.58
1450.225 1487.08
1453.971 1487.32
1457.893 1487.48
1461.412 1487.58
1464.839 1487.72
1468.575 1487.90
1472.602 1488.05
1476.325 1488.14
1479.825 1488.20
1483.634 1488.24
1487.521 1488.29
1491.326 1488.35
1495.027 1488.40
1498.707 1488.44
1502.364 1488.45
1505.980 1488.52
1509.603 1488.58
1513.413 1488.62
1517.232 1488.65
1520.919 1488.69
1524.683 1488.74
1528.464 1488.79
1532.318 1488.83
1535.969 1488.89
1539.614 1488.95
1543.620 1489.01
1547.376 1489.06
1550.859 1489.12
1554.445 1489.18
1558.261 1489.25
1561.920 1489.30
1565.579 1489.34
1569.454 1489.37
1573.269 1489.41
1576.817 1489.46
1580.567 1489.49
1584.398 1489.54
1588.066 1489.57
1591.881 1489.61
1595.802 1489.67
1599.172 1489.72
1602.741 1489.76
1606.842 1489.79
1610.503 1489.83
1614.011 1489.88
1617.935 1489.93
1621.528 1489.95
1625.506 1489.97
1629.340 1490.00
1632.974 1490.02
1636.493 1490.05
1640.307 1490.08
1644.194 1490.13
1647.794 1490.18
1651.465 1490.23
1654.974 1490.28
1658.778 1490.33
1662.683 1490.38
1666.353 1490.43
1670.145 1490.46
1673.711 1490.51
1677.685 1490.54
1681.437 1490.58
1684.945 1490.61
1688.599 1490.69
1692.361 1490.73
1696.183 1490.79
1699.901 1490.82
1703.792 1490.85
1707.425 1490.88
1710.909 1490.92
1714.799 1490.97
1718.678 1490.99
1722.418 1491.04
1725.986 1491.08
1729.817 1491.13
1733.572 1491.18
1737.182 1491.23
1740.757 1491.27
1744.576 1491.35
1748.362 1491.48
1752.036 1491.58
1755.914 1491.63
1759.525 1491.65
1763.279 1491.70
1766.918 1491.74
1770.525 1491.79
1774.395 1491.82
1778.262 1491.86
1782.105 1491.90
1785.777 1491.94
1789.194 1491.97
1792.923 1492.02
1796.969 1492.06
1800.575 1492.11
1804.246 1492.16
1808.081 1492.20
1811.985 1492.23
1815.458 1492.29
1819.189 1492.34
1823.183 1492.40
1826.853 1492.45
1830.497 1492.50
1834.144 1492.55
1837.729 1492.58
1841.492 1492.64
1845.204 1492.70
1849.286 1492.75
1852.900 1492.79
1856.359 1492.83
1860.075 1492.89
1863.963 1492.94
1867.659 1492.99
1871.580 1493.05
1875.438 1493.10
1878.429 1493.12
1882.509 1493.17
1886.374 1493.22
1890.021 1493.27
1893.846 1493.33
1897.407 1493.39
1900.841 1493.44
1904.874 1493.49
1908.809 1493.54
1912.247 1493.59
1916.072 1493.64
1920.030 1493.69
1923.648 1493.74
1927.304 1493.79
1930.666 1493.84
1934.512 1493.90
1938.590 1493.96
1942.465 1493.98
1946.152 1493.98
1949.942 1493.88
1953.762 1493.90
1957.220 1493.91
1960.961 1493.96
1964.700 1493.99
1968.186 1494.01
1971.868 1494.03
1975.718 1494.08
1979.668 1494.17
1983.567 1494.21
1987.189 1494.26
1990.856 1494.30
1994.318 1494.41
1997.890 1494.45
2001.739 1494.48
2005.296 1494.52
2009.000 1494.54
2012.841 1494.58
2016.459 1494.64
2020.222 1494.69
2024.004 1494.74
2028.002 1494.80
2031.750 1494.84
2035.303 1494.89
2039.101 1494.96
2042.789 1495.04
2046.762 1495.10
2050.455 1495.15
2053.827 1495.20
2057.680 1495.27
2061.839 1495.31
2065.683 1495.36
2069.165 1495.40
2072.600 1495.46
2076.419 1495.54
2080.261 1495.63
2083.937 1495.69
2087.797 1495.74
2091.559 1495.78
2095.154 1495.82
2098.585 1495.89
2102.094 1495.96
2105.897 1495.99
2109.776 1496.05
2113.704 1496.15
2117.760 1496.23
2121.760 1496.26
2125.333 1496.26
2128.599 1496.30
2132.298 1496.34
2136.179 1496.41
2140.083 1496.48
2143.691 1496.53
2147.203 1496.58
2151.007 1496.61
2154.757 1496.68
2158.347 1496.74
2162.107 1496.87
2166.085 1496.94
2169.687 1496.99
2173.299 1497.03
2177.189 1497.04
2181.035 1497.10
2184.617 1497.14
2188.409 1497.22
2192.144 1497.30
2195.626 1497.35
2199.208 1497.43
2203.176 1497.47
2207.246 1497.56
2210.944 1497.60
2214.672 1497.64
2218.595 1497.69
2222.217 1497.71
2225.354 1497.76
2229.141 1497.83
2232.936 1497.90
2236.577 1497.98
2240.526 1498.07
2244.617 1498.13
2248.462 1498.19
2251.621 1498.23
2255.256 1498.27
2259.194 1498.31
2262.908 1498.35
2266.500 1498.44
2270.237 1498.52
2274.111 1498.57
2278.090 1498.64
2281.501 1498.72
2285.079 1498.75
2288.743 1498.79
2292.422 1498.85
2296.203 1498.89
2300.001 1498.94
2303.879 1499.04
2307.432 1499.13
2310.975 1499.19
2315.367 1499.23
2319.329 1499.30
2322.397 1499.31
2326.064 1499.34
2330.056 1499.41
2333.624 1499.47
2337.013 1499.54
2340.811 1499.55
2344.502 1499.59
2348.325 1499.63
2352.128 1499.70
2356.122 1499.80
2360.042 1499.87
2363.649 1499.91
2367.195 1499.97
2371.031 1500.02
2374.662 1500.08
2378.257 1500.18
2382.231 1500.27
2386.201 1500.33
2389.641 1500.37
2393.246 1500.41
2397.098 1500.48
2400.871 1500.55
2404.469 1500.62
2408.235 1500.70
2411.941 1500.76
2415.573 1500.82
2419.359 1500.88
2423.053 1500.94
2426.606 1501.00
2430.429 1501.08
2434.426 1501.15
2438.128 1501.21
2441.975 1501.25
2445.871 1501.32
2449.557 1501.35
2453.236 1501.34
2456.992 1501.43
2460.601 1501.52
2464.114 1501.56
2467.869 1501.65
2471.637 1501.70
2475.108 1501.75
2479.121 1501.80
2483.045 1501.85
2486.564 1501.89
2490.163 1501.98
2493.917 1502.09
2497.730 1502.15
2501.658 1502.19
2505.134 1502.24
2508.284 1502.32
2512.162 1502.33
2516.201 1502.40
2519.973 1502.51
2523.820 1502.56
2527.725 1502.63
2531.206 1502.73
2535.048 1502.77
2538.853 1502.84
2542.430 1502.91
2546.096 1502.97
2549.895 1502.98
2553.737 1502.99
2557.488 1503.10
2561.384 1503.20
2564.894 1503.27
2568.370 1503.31
2572.224 1503.38
2576.004 1503.44
2579.727 1503.54
2583.384 1503.60
2587.175 1503.64
2591.200 1503.71
2594.819 1503.72
2598.349 1503.78
2601.691 1503.86
2605.653 1503.83
2609.599 1503.89
2613.121 1504.03
2616.879 1504.13
2620.634 1504.20
2624.419 1504.26
2627.882 1504.31
2631.791 1504.37
2635.841 1504.45
2639.535 1504.50
2642.979 1504.58
2646.665 1504.64
2650.678 1504.72
2654.642 1504.77
2658.257 1504.81
2661.159 1504.88
2665.034 1504.90
2668.876 1504.96
2672.621 1505.00
2676.566 1505.02
2680.692 1505.12
2683.950 1505.23
2687.586 1505.23
2691.227 1505.28
2694.909 1505.28
2699.223 1505.32
2702.664 1505.44
2706.399 1505.52
2710.520 1505.65
2714.536 1505.66
2717.704 1505.66
2721.053 1505.65
2725.228 1505.77
2728.821 1505.88
2732.775 1505.95
2736.137 1506.03
2739.583 1506.02
2743.611 1506.07
2747.389 1506.18
2750.861 1506.24
2754.908 1506.31
2758.336 1506.40
2762.310 1506.44
2765.994 1506.56
2769.620 1506.63
2773.549 1506.66
2777.241 1506.64
2780.969 1506.71
2784.776 1506.82
2788.474 1506.92
2792.389 1507.02
2796.227 1507.09
2799.603 1507.15
2803.462 1507.18
2807.131 1507.19
2810.838 1507.23
2814.361 1507.33
2818.126 1507.41
2821.366 1507.46
2825.160 1507.45
2829.179 1507.48
2833.268 1507.57
2837.200 1507.63
2840.704 1507.77
2844.482 1507.87
2848.027 1507.94
2851.866 1507.99
2855.547 1508.04
2859.295 1508.10
2863.258 1508.17
2866.785 1508.26
2870.549 1508.31
2874.301 1508.40
2878.132 1508.47
2881.566 1508.57
2885.276 1508.63
2889.224 1508.71
2892.976 1508.76
2896.659 1508.80
2900.006 1508.88
2903.885 1508.95
2907.668 1509.04
2911.514 1509.09
2915.593 1509.12
2919.284 1509.14
2922.452 1509.21
2926.305 1509.28
2930.191 1509.36
2934.029 1509.49
2937.695 1509.56
2941.493 1509.61
2944.927 1509.68
2948.540 1509.72
2952.571 1509.78
2956.300 1509.83
2959.332 1509.93
2963.078 1509.93
2967.184 1509.94
2970.994 1510.00
2974.762 1510.09
2978.725 1510.18
2982.312 1510.24
2985.873 1510.31
2989.684 1510.41
2993.442 1510.50
2997.376 1510.53
3001.193 1510.58
3004.995 1510.65
3008.456 1510.72
3011.804 1510.77
3015.393 1510.81
3019.433 1510.86
3023.274 1510.98
3027.045 1511.10
3030.958 1511.21
3034.867 1511.24
3038.425 1511.26
3041.740 1511.32
3045.833 1511.40
3049.709 1511.48
3053.363 1511.52
3056.822 1511.60
3060.841 1511.69
3064.222 1511.76
3067.749 1511.77
3071.626 1511.85
3075.379 1511.92
3079.012 1512.00
3082.795 1512.05
3086.702 1512.11
3090.269 1512.18
3094.150 1512.26
3097.709 1512.36
3101.722 1512.40
3105.313 1512.46
3108.966 1512.51
3113.160 1512.54
3116.656 1512.55
3120.332 1512.61
3124.145 1512.64
3127.952 1512.66
3131.207 1512.80
3134.847 1512.90
3138.777 1512.90
3142.678 1512.97
3146.650 1513.00
3150.372 1513.00
3153.889 1513.13
3157.730 1513.27
3161.229 1513.36
3164.659 1513.41
3168.756 1513.48
3172.520 1513.62
3176.031 1513.71
3179.684 1513.80
3183.637 1513.84
3187.367 1513.90
3191.055 1513.95
3195.047 1514.03
3198.802 1514.08
3202.634 1514.15
3206.489 1514.20
3209.904 1514.26
3212.955 1514.28
3217.236 1514.30
3221.401 1514.33
3224.956 1514.36
3228.435 1514.45
3232.407 1514.55
3235.958 1514.63
3239.196 1514.71
3243.140 1514.77
3246.987 1514.89
3250.887 1514.99
3254.650 1515.08
3258.168 1515.17
3262.083 1515.22
3265.887 1515.27
3269.142 1515.34
3273.041 1515.43
3276.640 1515.52
3280.634 1515.57
3284.627 1515.60
3287.931 1515.67
3291.678 1515.73
3295.743 1515.82
3299.522 1515.86
3302.926 1515.92
3306.953 1516.01
3310.319 1516.09
3313.793 1516.12
3317.766 1516.18
3321.744 1516.28
3325.445 1516.32
3328.986 1516.41
3332.496 1516.49
3336.216 1516.56
3340.189 1516.61
3343.999 1516.65
3347.602 1516.74
3351.041 1516.79
3355.264 1516.84
3359.135 1516.94
3362.365 1517.01
3365.785 1517.04
3369.837 1517.07
3373.721 1517.14
3377.554 1517.22
3381.250 1517.30
3384.933 1517.37
3388.656 1517.44
3392.681 1517.50
3396.424 1517.55
3399.664 1517.63
3403.613 1517.68
3407.223 1517.79
3410.533 1517.83
3414.438 1517.88
3418.461 1517.92
3422.453 1518.04
3426.365 1518.11
3429.528 1518.19
3432.718 1518.18
3436.646 1518.19
3440.443 1518.23
3444.094 1518.30
3448.093 1518.34
3451.924 1518.45
3455.401 1518.58
3459.069 1518.64
3462.814 1518.72
3466.563 1518.75
3470.540 1518.79
3474.291 1518.84
3478.019 1518.91
3481.790 1519.02
3485.575 1519.16
3489.436 1519.27
3493.366 1519.32
3496.901 1519.37
3500.110 1519.43
3503.875 1519.48
3507.545 1519.56
3511.582 1519.64
3515.470 1519.74
3519.192 1519.83
3522.998 1519.91
3526.830 1519.97
3530.545 1520.03
3534.018 1520.08
3537.647 1520.14
3541.650 1520.21
3545.026 1520.27
3548.605 1520.33
3552.598 1520.38
3556.291 1520.44
3560.183 1520.50
3563.989 1520.59
3567.529 1520.65
3571.319 1520.73
3575.128 1520.79
3579.002 1520.88
3582.627 1520.96
3585.978 1521.02
3589.497 1521.09
3593.382 1521.15
3597.225 1521.21
3600.760 1521.28
3604.627 1521.33
3608.708 1521.38
3612.396 1521.47
3615.964 1521.53
3619.910 1521.59
3623.687 1521.66
3627.304 1521.72
3631.003 1521.79
3634.759 1521.86
3638.663 1521.94
3642.047 1522.02
3645.739 1522.08
3649.540 1522.14
3653.311 1522.22
3657.392 1522.28
3660.835 1522.34
3664.517 1522.38
3668.462 1522.47
3671.884 1522.53
3675.524 1522.59
3679.179 1522.66
3683.217 1522.73
3687.160 1522.80
3690.798 1522.87
3694.394 1522.93
3698.178 1522.97
3701.512 1523.03
3705.540 1523.10
3709.353 1523.16
3713.022 1523.24
3716.550 1523.30
3720.555 1523.42
3723.166 1523.54
4000.000 1528.35
